# set xran [0.0:0.4952434096741833]
# plot for [ii=2:49] 'pyband.dat' u 1:ii with line lc rgb '#000' t ''
# 
    0.0000   -13.6738   -13.4274   -13.3491   -13.1672   -12.9274   -12.8454    -7.4784    -6.8964    -6.5264    -6.1866    -5.9743    -5.7706    -5.4478    -5.1189    -4.4212    -4.3983    -4.2997    -3.1383    -3.1119    -2.9931    -2.7190    -2.2784    -2.0964    -1.9184    -1.7801    -1.3081    -0.7670     1.0450     1.5584     1.8083     1.8357     2.0134     2.3285     2.6823     2.9941     3.1116     3.5011     3.5918     3.8486     4.1873     5.0678     5.2564     6.3859     6.7795     7.0742     7.1713     7.5519     7.7341
    0.0063   -13.6824   -13.4343   -13.3524   -13.1700   -12.9364   -12.8507    -7.4691    -6.8893    -6.5132    -6.1794    -5.9675    -5.7613    -5.4440    -5.1154    -4.4196    -4.3946    -4.2962    -3.1380    -3.1080    -2.9897    -2.7160    -2.2819    -2.1009    -1.9280    -1.7866    -1.3155    -0.7700     1.0438     1.5515     1.8051     1.8314     2.0004     2.3129     2.6789     2.9934     3.1096     3.4983     3.5908     3.8465     4.2097     5.0940     5.2829     6.3896     6.7723     7.0658     7.1698     7.4898     7.7290
    0.0125   -13.7077   -13.4549   -13.3623   -13.1783   -12.9633   -12.8664    -7.4416    -6.8683    -6.4743    -6.1580    -5.9474    -5.7338    -5.4324    -5.1051    -4.4150    -4.3834    -4.2855    -3.1365    -3.0965    -2.9795    -2.7069    -2.2924    -2.1143    -1.9551    -1.8059    -1.3372    -0.7792     1.0402     1.5314     1.7946     1.8200     1.9629     2.2702     2.6680     2.9896     3.1037     3.4890     3.5877     3.8401     4.2760     5.1700     5.3611     6.4012     6.7556     7.0426     7.1595     7.4150     7.7007
    0.0188   -13.7490   -13.4885   -13.3787   -13.1920   -13.0070   -12.8919    -7.3966    -6.8340    -6.4109    -6.1226    -5.9148    -5.6904    -5.4119    -5.0889    -4.4080    -4.3649    -4.2680    -3.1329    -3.0772    -2.9633    -2.6916    -2.3101    -2.1366    -1.9955    -1.8369    -1.3715    -0.7948     1.0351     1.4994     1.7752     1.8054     1.9044     2.2096     2.6480     2.9789     3.0939     3.4713     3.5824     3.8296     4.3826     5.2878     5.4870     6.4203     6.7378     7.0115     7.1315     7.3328     7.6695
    0.0250   -13.8051   -13.5345   -13.4013   -13.2107   -13.0661   -12.9266    -7.3355    -6.7875    -6.3254    -6.0738    -5.8712    -5.6354    -5.3798    -5.0678    -4.3997    -4.3391    -4.2435    -3.1261    -3.0505    -2.9415    -2.6701    -2.3351    -2.1678    -2.0432    -1.8774    -1.4156    -0.8173     1.0292     1.4578     1.7470     1.7909     1.8303     2.1403     2.6176     2.9583     3.0798     3.4431     3.5744     3.8146     4.5240     5.4375     5.6531     6.4460     6.7248     6.9803     7.0879     7.2612     7.6481
    0.0313   -13.8745   -13.5917   -13.4299   -13.2344   -13.1384   -12.9695    -7.2600    -6.7301    -6.2213    -6.0118    -5.8192    -5.5754    -5.3306    -5.0435    -4.3911    -4.3061    -4.2122    -3.1152    -3.0163    -2.9144    -2.6420    -2.3676    -2.2079    -2.0919    -1.9232    -1.4658    -0.8472     1.0239     1.4087     1.7128     1.7461     1.7780     2.0686     2.5766     2.9263     3.0612     3.4034     3.5632     3.7954     4.6933     5.6090     5.8487     6.4741     6.7136     6.9510     7.0526     7.1984     7.6284
    0.0375   -13.9554   -13.6590   -13.4645   -13.2631   -13.2210   -13.0195    -7.1724    -6.6635    -6.1033    -5.9371    -5.7630    -5.5167    -5.2584    -5.0173    -4.3836    -4.2661    -4.1742    -3.0990    -2.9749    -2.8819    -2.6071    -2.4076    -2.2567    -2.1353    -1.9696    -1.5173    -0.8851     1.0205     1.3542     1.6570     1.6761     1.7682     1.9985     2.5252     2.8828     3.0378     3.3513     3.5481     3.7719     4.8830     5.7913     6.0594     6.4921     6.6853     6.9372     7.0530     7.1598     7.5907
    0.0438   -14.0459   -13.7349   -13.5054   -13.3170   -13.2900   -13.0757    -7.0755    -6.5898    -5.9791    -5.8497    -5.7079    -5.4579    -5.1627    -4.9896    -4.3785    -4.2191    -4.1297    -3.0768    -2.9264    -2.8436    -2.5651    -2.4552    -2.3138    -2.1681    -2.0110    -1.5653    -0.9312     1.0200     1.2963     1.5679     1.6394     1.7629     1.9316     2.4640     2.8283     3.0095     3.2873     3.5280     3.7447     5.0861     5.9716     6.2618     6.4767     6.6314     6.9697     7.1007     7.1638     7.5674
    0.0500   -14.1443   -13.8179   -13.5544   -13.4097   -13.3270   -13.1366    -6.9726    -6.5113    -5.8602    -5.7565    -5.6507    -5.3903    -5.0561    -4.9536    -4.3761    -4.1656    -4.0789    -3.0478    -2.8712    -2.7986    -2.5156    -2.5102    -2.3788    -2.1857    -2.0419    -1.6046    -0.9858     1.0237     1.2368     1.4827     1.6056     1.7642     1.8690     2.3937     2.7641     2.9758     3.2116     3.5019     3.7139     5.2957     6.1300     6.3682     6.4354     6.6226     7.0538     7.1905     7.2291     7.4062
    0.0563   -14.2486   -13.9066   -13.6163   -13.4998   -13.3652   -13.2010    -6.8685    -6.4304    -5.7618    -5.6871    -5.5574    -5.3075    -4.9855    -4.8685    -4.3752    -4.1054    -4.0220    -3.0117    -2.8098    -2.7465    -2.5719    -2.4579    -2.4510    -2.1854    -2.0575    -1.6308    -1.0487     1.0329     1.1777     1.4047     1.5771     1.7736     1.8108     2.3157     2.6918     2.9366     3.1255     3.4684     3.6805     5.5054     6.2025     6.2761     6.4533     6.7448     7.1600     7.2399     7.3151     7.6753
    0.0625   -14.3572   -13.9995   -13.6985   -13.5762   -13.4055   -13.2679    -6.7697    -6.3502    -5.7146    -5.6152    -5.4275    -5.2116    -4.9559    -4.7325    -4.3717    -4.0391    -3.9592    -2.9687    -2.7445    -2.6869    -2.6383    -2.5295    -2.3915    -2.1659    -2.0543    -1.6409    -1.1195     1.0480     1.1209     1.3362     1.5554     1.7568     1.7919     2.2319     2.6131     2.8916     3.0303     3.4262     3.6447     5.7083     6.1180     6.1574     6.5567     6.8791     7.0462     7.3470     7.4284     7.6160
    0.0688   -14.4685   -14.0952   -13.7982   -13.6389   -13.4477   -13.3356    -6.6857    -6.2734    -5.7022    -5.5267    -5.2939    -5.1105    -4.9283    -4.5818    -4.3574    -3.9670    -3.8910    -2.9189    -2.7277    -2.6565    -2.6203    -2.6129    -2.3157    -2.1270    -2.0305    -1.6331    -1.1972     1.0691     1.0695     1.2795     1.5418     1.7072     1.8202     2.1446     2.5303     2.8406     2.9278     3.3744     3.6072     5.8871     5.9836     6.0326     6.6883     6.8312     7.0451     7.4005     7.5639     7.7734
    0.0750   -14.5809   -14.1923   -13.9062   -13.6953   -13.4917   -13.4030    -6.6280    -6.2036    -5.6870    -5.4438    -5.1754    -5.0212    -4.8760    -4.4280    -4.3186    -3.8896    -3.8179    -2.8633    -2.8023    -2.7019    -2.5820    -2.5478    -2.2304    -2.0697    -1.9859    -1.6076    -1.2808     1.0253     1.0977     1.2362     1.5371     1.6621     1.8582     2.0565     2.4456     2.7833     2.8201     3.3124     3.5678     5.8139     5.8800     6.0929     6.6542     6.8217     7.1374     7.3351     7.7391     7.8276
    0.0813   -14.6931   -14.2897   -14.0166   -13.7491   -13.5378   -13.4682    -6.6061    -6.1468    -5.6511    -5.3787    -5.0841    -4.9524    -4.7787    -4.2854    -4.2340    -3.8070    -3.7399    -2.8859    -2.8031    -2.7927    -2.4985    -2.4714    -2.1363    -1.9958    -1.9215    -1.5663    -1.3689     0.9931     1.1324     1.2082     1.5416     1.6214     1.9060     1.9713     2.3611     2.7098     2.7202     3.2408     3.5262     5.6629     5.7371     6.2432     6.4853     6.9023     7.1946     7.2888     7.8261     7.9415
    0.0875   -14.8039   -14.3862   -14.1263   -13.8016   -13.5868   -13.5289    -6.6217    -6.1120    -5.5864    -5.3426    -5.0177    -4.8779    -4.6532    -4.1618    -4.0959    -3.7203    -3.6580    -2.9731    -2.8853    -2.7399    -2.4098    -2.3934    -2.0357    -1.9086    -1.8390    -1.5120    -1.4601     0.9751     1.1733     1.1970     1.5551     1.5849     1.8927     1.9628     2.2790     2.5996     2.6511     3.1599     3.4819     5.5128     5.5935     6.3158     6.3712     6.8831     7.2307     7.3203     7.9304     8.1137
    0.0938   -14.9122   -14.4808   -14.2337   -13.8531   -13.6394   -13.5832    -6.6683    -6.1051    -5.5008    -5.3352    -4.9517    -4.7884    -4.5168    -4.0236    -3.9469    -3.6297    -3.5725    -3.0621    -2.9782    -2.6759    -2.3173    -2.3162    -1.9324    -1.8120    -1.7404    -1.5528    -1.4481     0.9738     1.2050     1.2199     1.5520     1.5771     1.8259     2.0276     2.2011     2.4928     2.5767     3.0708     3.4344     5.3671     5.4531     6.1621     6.4506     6.7884     7.2594     7.3774     7.9460     8.1453
    0.1000   -15.0170   -14.5725   -14.3374   -13.9033   -13.6947   -13.6310    -6.7364    -6.1245    -5.4532    -5.2991    -4.8704    -4.6895    -4.3759    -3.8690    -3.8007    -3.5362    -3.4844    -3.1512    -3.0701    -2.6133    -2.2423    -2.2218    -1.8308    -1.7107    -1.6456    -1.6293    -1.3767     0.9904     1.2339     1.2714     1.5223     1.6068     1.7763     2.0994     2.1292     2.3936     2.4973     2.9746     3.3835     5.2274     5.3180     6.0144     6.4783     6.6716     7.2396     7.4213     7.9036     8.1323
    0.1063   -15.1173   -14.6605   -14.4364   -13.9521   -13.7499   -13.6739    -6.8173    -6.1644    -5.4929    -5.1815    -4.7735    -4.5852    -4.2333    -3.7067    -3.6586    -3.4409    -3.3946    -3.2390    -3.1598    -2.5549    -2.1741    -2.1243    -1.7369    -1.7354    -1.6101    -1.5123    -1.2979     1.0251     1.2836     1.3269     1.4973     1.6431     1.7488     2.0640     2.1766     2.3068     2.4138     2.8727     3.3291     5.0950     5.1893     5.8759     6.4390     6.5514     7.1672     7.4107     7.8547     8.1042
    0.1125   -15.2123   -14.7441   -14.5299   -13.9990   -13.8029   -13.7133    -6.9045    -6.2180    -5.5630    -5.0360    -4.6655    -4.4787    -4.0908    -3.5495    -3.5147    -3.3470    -3.3311    -3.2958    -3.2451    -2.5032    -2.1142    -2.0259    -1.8255    -1.6494    -1.5167    -1.3975    -1.2089     1.0770     1.3470     1.3854     1.4857     1.6847     1.7462     2.0057     2.2388     2.2568     2.3280     2.7669     3.2715     4.9706     5.0680     5.7471     6.3292     6.4334     7.0458     7.3397     7.7979     8.0991
    0.1188   -15.3013   -14.8225   -14.6172   -14.0437   -13.8526   -13.7496    -6.9933    -6.2797    -5.6421    -4.8822    -4.5508    -4.3721    -3.9496    -3.4138    -3.4101    -3.3572    -3.3321    -3.2443    -3.2092    -2.4607    -2.0651    -1.9289    -1.9089    -1.5755    -1.4374    -1.2918    -1.1071     1.1442     1.3933     1.4458     1.5172     1.7301     1.7700     1.9547     2.1964     2.2373     2.3415     2.6598     3.2113     4.8548     4.9546     5.6282     6.1582     6.3204     6.8826     7.2366     7.7271     8.1333
    0.1250   -15.3838   -14.8952   -14.6977   -14.0858   -13.8983   -13.7829    -7.0802    -6.3446    -5.7227    -4.7267    -4.4333    -4.2670    -3.8104    -3.4877    -3.4078    -3.2921    -3.1970    -3.1512    -3.1189    -2.4297    -2.0286    -1.9902    -1.8307    -1.5153    -1.3759    -1.1972    -0.9967     1.2242     1.4072     1.5067     1.5994     1.7778     1.8221     1.9149     2.1493     2.1847     2.4177     2.5586     3.1493     4.7479     4.8498     5.5193     5.9455     6.2130     6.6895     7.1274     7.6338     8.1762
    0.1313   -15.4590   -14.9616   -14.7710   -14.1247   -13.9396   -13.8132    -7.1626    -6.4094    -5.8011    -4.5739    -4.3167    -4.1649    -3.6743    -3.5599    -3.4787    -3.1785    -3.0600    -3.0425    -3.0302    -2.4116    -2.0638    -2.0061    -1.7370    -1.4689    -1.3315    -1.1142    -0.8857     1.3136     1.4194     1.5669     1.6866     1.8255     1.8603     1.9398     2.0630     2.2060     2.4170     2.5355     3.0868     4.6501     4.7537     5.4203     5.7119     6.1101     6.4837     7.0210     7.5151     8.2372
    0.1375   -15.5265   -15.0213   -14.8365   -14.1601   -13.9762   -13.8403    -7.2386    -6.4712    -5.8743    -4.4273    -4.2041    -4.0671    -3.6257    -3.5431    -3.5420    -3.0720    -2.9737    -2.9449    -2.8977    -2.4072    -2.1306    -1.9976    -1.6480    -1.4354    -1.3014    -1.0445    -0.7813     1.4045     1.4447     1.6248     1.7594     1.8469     1.8687     1.9837     2.0681     2.2586     2.3245     2.6051     3.0251     4.5616     4.6666     5.3303     5.4754     6.0070     6.2841     6.9164     7.3783     8.2120
    0.1438   -15.5859   -15.0738   -14.8940   -14.1917   -14.0081   -13.8642    -7.3068    -6.5281    -5.9407    -4.2904    -4.0987    -3.9751    -3.6843    -3.6001    -3.4145    -2.9725    -2.8941    -2.8647    -2.7653    -2.4165    -2.1899    -2.0023    -1.5653    -1.4125    -1.2834    -0.9892    -0.6882     1.4604     1.5158     1.6788     1.8186     1.8453     1.8735     1.9457     2.2249     2.2294     2.3374     2.6788     2.9661     4.4824     4.5888     5.2247     5.2729     5.8928     6.1137     6.8092     7.2388     8.1380
    0.1500   -15.6367   -15.1188   -14.9432   -14.2190   -14.0352   -13.8846    -7.3661    -6.5783    -5.9988    -4.1667    -4.0035    -3.8909    -3.7349    -3.6493    -3.2927    -2.8809    -2.8230    -2.7915    -2.6480    -2.4387    -2.2411    -2.0182    -1.4908    -1.3974    -1.2757    -0.9483    -0.6087     1.4988     1.6069     1.7267     1.8157     1.8413     1.8879     1.9744     2.1421     2.3871     2.4354     2.7469     2.9115     4.4123     4.5205     5.0265     5.1916     5.7585     5.9905     6.6952     7.1140     8.0744
    0.1563   -15.6788   -15.1560   -14.9837   -14.2417   -14.0573   -13.9014    -7.4157    -6.6209    -6.0476    -4.0595    -3.9212    -3.8164    -3.7772    -3.6902    -3.1781    -2.7985    -2.7620    -2.7279    -2.5481    -2.4724    -2.2837    -2.0427    -1.4266    -1.3875    -1.2763    -0.9203    -0.5441     1.5380     1.6903     1.7460     1.7782     1.8575     1.9441     2.0074     2.0671     2.5218     2.5620     2.8061     2.8633     4.3516     4.4621     4.8421     5.1326     5.6194     5.9065     6.5767     7.0153     8.0077
    0.1625   -15.7117   -15.1852   -15.0154   -14.2597   -14.0746   -13.9147    -7.4548    -6.6548    -6.0863    -3.9721    -3.8543    -3.8105    -3.7541    -3.7224    -3.0724    -2.7277    -2.7127    -2.6757    -2.5152    -2.4676    -2.3172    -2.0717    -1.3801    -1.3743    -1.2827    -0.9023    -0.4945     1.5750     1.7008     1.7593     1.8070     1.8779     1.9968     1.9993     2.0423     2.6206     2.7023     2.8223     2.8558     4.3006     4.4143     4.6900     5.0850     5.4981     5.8458     6.4647     6.9444     7.9513
    0.1688   -15.7354   -15.2061   -15.0382   -14.2726   -14.0869   -13.9242    -7.4831    -6.6795    -6.1143    -3.9073    -3.8345    -3.8048    -3.7455    -3.7069    -2.9791    -2.6762    -2.6724    -2.6369    -2.5623    -2.4088    -2.3413    -2.1001    -1.3741    -1.3357    -1.2920    -0.8919    -0.4595     1.6055     1.6635     1.8098     1.8312     1.8984     1.9554     2.0407     2.0625     2.6988     2.7926     2.8180     2.8915     4.2607     4.3782     4.5767     5.0492     5.4065     5.8019     6.3736     6.8975     7.8984
    0.1750   -15.7497   -15.2188   -15.0519   -14.2804   -14.0944   -13.9299    -7.5002    -6.6945    -6.1312    -3.8673    -3.8490    -3.7744    -3.7595    -3.6773    -2.9067    -2.6538    -2.6430    -2.6129    -2.5997    -2.3728    -2.3559    -2.1215    -1.3694    -1.3119    -1.3004    -0.8867    -0.4388     1.6255     1.6403     1.8400     1.8455     1.9137     1.9283     2.0701     2.0759     2.7500     2.7741     2.8943     2.9136     4.2346     4.3553     4.5071     5.0264     5.3503     5.7744     6.3147     6.8708     7.8343
    0.1813   -15.7544   -15.2230   -15.0565   -14.2831   -14.0968   -13.9318    -7.5059    -6.6995    -6.1369    -3.8539    -3.8539    -3.7642    -3.7642    -3.6672    -2.8762    -2.6463    -2.6463    -2.6048    -2.6048    -2.3608    -2.3608    -2.1296    -1.3674    -1.3039    -1.3039    -0.8851    -0.4319     1.6324     1.6324     1.8499     1.8499     1.9194     1.9194     2.0805     2.0805     2.7678     2.7678     2.9211     2.9211     4.2253     4.3474     4.4836     5.0186     5.3315     5.7649     6.2944     6.8621     7.8578
    0.1813   -15.7544   -15.2230   -15.0565   -14.2831   -14.0968   -13.9318    -7.5059    -6.6995    -6.1369    -3.8539    -3.8539    -3.7642    -3.7642    -3.6672    -2.8762    -2.6463    -2.6463    -2.6048    -2.6048    -2.3608    -2.3608    -2.1296    -1.3674    -1.3039    -1.3039    -0.8851    -0.4319     1.6324     1.6324     1.8499     1.8499     1.9194     1.9194     2.0805     2.0805     2.7678     2.7678     2.9211     2.9211     4.2253     4.3474     4.4836     5.0186     5.3315     5.7649     6.2944     6.8621     7.6580
    0.1885   -15.7481   -15.2174   -15.0504   -14.2796   -14.0935   -13.9292    -7.4983    -6.6928    -6.1293    -3.8718    -3.8474    -3.7778    -3.7579    -3.6806    -2.9159    -2.6564    -2.6449    -2.6156    -2.5959    -2.3768    -2.3543    -2.1189    -1.3700    -1.3147    -1.2992    -0.8872    -0.4411     1.6231     1.6429     1.8367     1.8439     1.9119     1.9313     2.0668     2.0744     2.7441     2.7762     2.8856     2.9111     4.2376     4.3579     4.5148     5.0290     5.3566     5.7775     6.3214     6.8737     7.6804
    0.1957   -15.7291   -15.2005   -15.0321   -14.2691   -14.0837   -13.9216    -7.4755    -6.6729    -6.1068    -3.9247    -3.8283    -3.8180    -3.7394    -3.7197    -3.0061    -2.6871    -2.6866    -2.6481    -2.5469    -2.4246    -2.3350    -2.0916    -1.3758    -1.3474    -1.2879    -0.8945    -0.4688     1.5965     1.6741     1.7965     1.8242     1.8922     1.9679     2.0288     2.0563     2.6770     2.7863     2.8009     2.8813     4.2718     4.3880     4.6073     5.0589     5.4312     5.8138     6.3988     6.9097     7.8645
    0.2029   -15.6976   -15.1726   -15.0018   -14.2519   -14.0672   -13.9090    -7.4380    -6.6402    -6.0696    -4.0098    -3.8832    -3.7964    -3.7811    -3.7087    -3.1189    -2.7569    -2.7385    -2.7022    -2.5024    -2.4904    -2.3031    -2.0565    -1.4038    -1.3819    -1.2742    -0.9093    -0.5155     1.5559     1.7220     1.7318     1.7918     1.8663     1.9746     2.0174     2.0391     2.5761     2.6409     2.8298     2.8431     4.3231     4.4351     4.7564     5.1057     5.5514     5.8717     6.5154     6.9743     7.9916
    0.2101   -15.6538   -15.1339   -14.9596   -14.2282   -14.0442   -13.8914    -7.3862    -6.5955    -6.0185    -4.1231    -3.9701    -3.8600    -3.7528    -3.6665    -3.2435    -2.8442    -2.8117    -2.7771    -2.6068    -2.4393    -2.2594    -2.0211    -1.4847    -1.3893    -1.2612    -0.9349    -0.5815     1.5062     1.6389     1.7416     1.7992     1.8390     1.9125     1.9847     2.1185     2.4451     2.4794     2.7638     2.8947     4.3885     4.4972     4.9539     5.1678     5.7055     5.9552     6.6520     7.0740     8.0505
    0.2174   -15.5981   -15.0846   -14.9059   -14.1982   -14.0146   -13.8691    -7.3209    -6.5398    -5.9545    -4.2595    -4.0750    -3.9513    -3.6985    -3.6135    -3.3748    -2.9454    -2.9066    -2.8716    -2.7351    -2.3947    -2.2048    -1.9894    -1.5921    -1.3992    -1.2512    -0.9749    -0.6660     1.4527     1.5323     1.6888     1.8083     1.8491     1.8795     1.9462     2.2253     2.2694     2.3498     2.6797     2.9589     4.4668     4.5730     5.1857     5.2497     5.8667     6.0831     6.7890     7.2139     8.1229
    0.2246   -15.5310   -15.0253   -14.8409   -14.1625   -13.9786   -13.8421    -7.2432    -6.4748    -5.8787    -4.4141    -4.1937    -4.0502    -3.6350    -3.5510    -3.5087    -3.0620    -3.0207    -2.9827    -2.8828    -2.3571    -2.1410    -1.9644    -1.7266    -1.4146    -1.2461    -1.0318    -0.7662     1.3983     1.4191     1.6269     1.7442     1.8194     1.8790     1.9999     2.0906     2.2412     2.3504     2.5828     3.0315     4.5580     4.6620     5.3254     5.4684     6.0041     6.2781     6.9183     7.3858     8.2104
    0.2318   -15.4529   -14.9563   -14.7651   -14.1215   -13.9362   -13.8107    -7.1544    -6.4022    -5.7930    -4.5813    -4.3214    -4.1526    -3.6439    -3.5633    -3.4806    -3.1998    -3.1502    -3.1043    -3.0445    -2.3262    -2.0704    -1.9510    -1.8844    -1.4388    -1.2476    -1.1077    -0.8768     1.2961     1.3573     1.5596     1.6481     1.8039     1.8392     1.9384     2.1121     2.1582     2.4472     2.5182     3.1096     4.6622     4.7639     5.4302     5.7562     6.1258     6.5228     7.0454     7.5689     8.2582
    0.2390   -15.3646   -14.8784   -14.6791   -14.0759   -13.8876   -13.7751    -7.0564    -6.3248    -5.6996    -4.7558    -4.4531    -4.2549    -3.7761    -3.4891    -3.4082    -3.3567    -3.2956    -3.2382    -3.2038    -2.3019    -2.0799    -1.9967    -1.9340    -1.4754    -1.2570    -1.2035    -0.9893     1.1808     1.3187     1.4888     1.5363     1.7362     1.8385     1.8432     2.1059     2.2357     2.3509     2.6536     3.1903     4.7796     4.8784     5.5476     6.0537     6.2492     6.7887     7.1795     7.7405     8.2230
    0.2462   -15.2668   -14.7921   -14.5835   -14.0261   -13.8332   -13.7353    -6.9513    -6.2459    -5.6017    -4.9325    -4.5835    -4.3543    -3.9066    -3.5416    -3.4661    -3.4176    -3.3966    -3.3288    -3.3217    -2.3014    -2.2688    -1.9376    -1.9267    -1.5273    -1.3177    -1.2741    -1.0940     1.0707     1.2825     1.4051     1.4419     1.6436     1.7940     1.8608     2.0830     2.2409     2.3662     2.8113     3.2711     4.9101     5.0055     5.6788     6.3433     6.3822     7.0517     7.3312     7.8865     8.1634
    0.2534   -15.1603   -14.6984   -14.4790   -13.9729   -13.7736   -13.6914    -6.8421    -6.1699    -5.5039    -5.1055    -4.7063    -4.4489    -4.0370    -3.7317    -3.6314    -3.5904    -3.4421    -3.3352    -3.2459    -2.5127    -2.2697    -1.9499    -1.8736    -1.5962    -1.4422    -1.2976    -1.1818     0.9680     1.2205     1.3375     1.3809     1.5637     1.7639     1.8923     2.0739     2.1543     2.4975     2.9709     3.3505     5.0535     5.1449     5.8241     6.5223     6.6083     7.2829     7.5109     7.9988     8.1274
    0.2607   -15.0461   -14.5982   -14.3666   -13.9168   -13.7101   -13.6428    -6.7329    -6.1027    -5.4172    -5.2638    -4.8147    -4.5386    -4.1729    -3.9271    -3.8014    -3.7641    -3.5513    -3.2756    -3.1762    -2.7447    -2.2664    -1.9742    -1.8537    -1.6803    -1.5652    -1.3264    -1.2407     0.8747     1.1281     1.3163     1.3337     1.5075     1.7486     1.9247     2.0338     2.1423     2.6269     3.1244     3.4289     5.2094     5.2961     5.9834     6.6760     6.8169     7.4650     7.6940     8.0643     8.1775
    0.2679   -14.9253   -14.4924   -14.2474   -13.8583   -13.6452   -13.5881    -6.6298    -6.0521    -5.4415    -5.3082    -4.9002    -4.6255    -4.3235    -4.1199    -3.9607    -3.9193    -3.6607    -3.2366    -3.1222    -2.9759    -2.2715    -2.0108    -1.8837    -1.7720    -1.6730    -1.3742    -1.2482     0.7934     1.0384     1.2926     1.3129     1.4847     1.7481     1.9317     2.0165     2.1772     2.7505     3.2621     3.5101     5.3773     5.4587     6.1568     6.8401     6.9470     7.6037     7.7925     8.0968     8.2576
    0.2751   -14.7992   -14.3823   -14.1226   -13.7976   -13.5827   -13.5247    -6.5412    -6.0274    -5.5547    -5.2612    -4.9547    -4.7175    -4.4933    -4.3013    -4.0994    -4.0418    -3.7749    -3.2483    -3.1745    -3.0931    -2.2869    -2.0605    -1.9628    -1.8566    -1.7567    -1.4396    -1.2132     0.7276     0.9640     1.2594     1.3154     1.4969     1.7618     1.9169     2.0475     2.2271     2.8654     3.3720     3.6018     5.5564     5.6320     6.3441     6.9851     7.0172     7.6947     7.7790     8.1409     8.3118
    0.2823   -14.6691   -14.2691   -13.9942   -13.7350   -13.5245   -13.4522    -6.4789    -6.0369    -5.6309    -5.2440    -4.9800    -4.8263    -4.6752    -4.4591    -4.2061    -4.1276    -3.9021    -3.4090    -3.2339    -3.0986    -2.3155    -2.1231    -2.0752    -1.9181    -1.8140    -1.5150    -1.1612     0.6814     0.9107     1.2384     1.3261     1.5350     1.7897     1.9199     2.0868     2.2850     2.9684     3.4491     3.7060     5.7457     5.8148     6.5449     6.9516     7.1946     7.6880     7.7387     8.1965     8.3778
    0.2895   -14.5364   -14.1542   -13.8647   -13.6697   -13.4691   -13.3734    -6.4547    -6.0776    -5.6549    -5.2650    -5.0246    -4.9275    -4.8579    -4.5776    -4.2743    -4.1885    -4.0422    -3.5616    -3.2985    -3.1434    -2.3623    -2.2098    -2.1900    -1.9491    -1.8455    -1.5983    -1.1084     0.6592     0.8837     1.2376     1.3439     1.5893     1.8319     1.9443     2.1218     2.3475     3.0579     3.5015     3.8139     5.9443     6.0058     6.7581     6.8612     7.3631     7.5958     7.6991     8.1715     8.3284
    0.2968   -14.4028   -14.0392   -13.7393   -13.5989   -13.4153   -13.2914    -6.4716    -6.1312    -5.6373    -5.3331    -5.1481    -5.0536    -4.9384    -4.6501    -4.3120    -4.2928    -4.1282    -3.6719    -3.3946    -3.2253    -2.4436    -2.3322    -2.2696    -1.9521    -1.8563    -1.6868    -1.0626     0.6643     0.8868     1.2612     1.3659     1.6523     1.8873     1.9844     2.1474     2.4116     3.1330     3.5402     3.9160     6.1504     6.2026     6.7317     6.9867     7.3985     7.5408     7.6920     8.0923     8.4379
    0.3040   -14.2701   -13.9256   -13.6290   -13.5140   -13.3628   -13.2083    -6.5180    -6.1829    -5.6043    -5.4614    -5.2728    -5.2157    -4.9429    -4.6828    -4.4691    -4.3318    -4.1253    -3.7487    -3.5147    -3.3364    -2.5774    -2.4315    -2.3485    -1.9333    -1.8642    -1.7663    -1.0255     0.6977     0.9203     1.3065     1.3913     1.7178     1.9516     2.0339     2.1610     2.4744     3.1945     3.5734     4.0075     6.3596     6.4012     6.5865     7.2105     7.2947     7.4309     7.8437     8.0041     8.5027
    0.3112   -14.1402   -13.8151   -13.5440   -13.4074   -13.3116   -13.1257    -6.5759    -6.2268    -5.6438    -5.5701    -5.4340    -5.2887    -4.9429    -4.7109    -4.6331    -4.3401    -4.0956    -3.8072    -3.6450    -3.4677    -2.7410    -2.5254    -2.4270    -1.9262    -1.8981    -1.7823    -0.9935     0.7565     0.9803     1.3571     1.4309     1.7788     2.0184     2.0877     2.1648     2.5333     3.2449     3.6067     4.0877     6.4177     6.5809     6.5965     7.1355     7.2753     7.4795     7.8728     8.0278     8.4681
    0.3184   -14.0149   -13.7094   -13.4773   -13.2907   -13.2607   -13.0452    -6.6311    -6.2600    -5.8092    -5.6384    -5.5626    -5.2960    -4.9506    -4.8448    -4.6564    -4.3405    -4.0632    -3.8778    -3.7534    -3.6111    -2.9165    -2.6253    -2.5065    -2.0277    -1.8508    -1.7493    -0.9609     0.8324     1.0574     1.3903     1.5000     1.8269     2.0690     2.1383     2.1794     2.5856     3.2882     3.6450     4.1579     6.2691     6.7204     6.7972     7.0317     7.1089     7.6520     7.8275     8.1695     8.5322
    0.3256   -13.8963   -13.6102   -13.4198   -13.2190   -13.1673   -12.9681    -6.6747    -6.2797    -5.9737    -5.7887    -5.6217    -5.2735    -5.0487    -4.8954    -4.6425    -4.3381    -4.0584    -3.9758    -3.8052    -3.7562    -3.0975    -2.7301    -2.5888    -2.1378    -1.7923    -1.6962    -0.9221     0.9095     1.1360     1.4240     1.5782     1.8542     2.0641     2.2057     2.2271     2.6286     3.3287     3.6917     4.2204     6.1282     6.6930     6.8820     7.0057     7.0895     7.5730     8.0491     8.2183     8.4948
    0.3328   -13.7863   -13.5190   -13.3685   -13.1751   -13.0553   -12.8959    -6.7013    -6.2850    -6.1247    -5.9375    -5.6687    -5.2875    -5.1463    -4.8856    -4.6251    -4.3497    -4.1558    -3.9892    -3.9181    -3.8081    -3.2791    -2.8361    -2.6744    -2.2500    -1.7234    -1.6269    -0.8736     0.9598     1.2032     1.4804     1.6419     1.8593     2.0299     2.2784     2.3031     2.6605     3.3706     3.7490     4.2771     6.0059     6.5624     6.7151     7.0246     7.2427     7.5610     8.1736     8.3155     8.3943
    0.3401   -13.6867   -13.4374   -13.3226   -13.1357   -12.9521   -12.8299    -6.7078    -6.2996    -6.2330    -6.0725    -5.6990    -5.3903    -5.1489    -4.8721    -4.6067    -4.4285    -4.2237    -4.0641    -3.9804    -3.8130    -3.4540    -2.9395    -2.7624    -2.3610    -1.6449    -1.5430    -0.8144     0.9571     1.2586     1.5370     1.6937     1.8538     1.9929     2.3312     2.4162     2.6802     3.4165     3.8170     4.3294     5.9082     6.4098     6.5487     6.9250     7.3725     7.6614     8.0516     8.2297     8.4362
    0.3473   -13.5991   -13.3665   -13.2823   -13.1008   -12.8607   -12.7711    -6.6925    -6.4014    -6.2199    -6.1886    -5.7073    -5.5035    -5.1360    -4.8642    -4.5957    -4.5631    -4.2657    -4.1614    -3.9954    -3.8143    -3.6061    -3.0359    -2.8514    -2.4683    -1.5588    -1.4467    -0.7465     0.9058     1.2832     1.5379     1.7638     1.8616     1.9614     2.3855     2.5394     2.6890     3.4666     3.8934     4.3765     5.8388     6.2496     6.4109     6.7989     7.3803     7.7527     8.0508     8.0753     8.5239
    0.3545   -13.5248   -13.3071   -13.2478   -13.0708   -12.7830   -12.7202    -6.6556    -6.5041    -6.2944    -6.1598    -5.6932    -5.5985    -5.1391    -4.8662    -4.7269    -4.5769    -4.3563    -4.1763    -4.0483    -3.8180    -3.7060    -3.1202    -2.9387    -2.5691    -1.4682    -1.3425    -0.6738     0.8257     1.2409     1.5177     1.7774     1.9269     1.9537     2.4459     2.6508     2.6993     3.5186     3.9739     4.4166     5.7977     6.0976     6.3097     6.6858     7.2735     7.6735     8.1027     8.1580     8.6092
    0.3617   -13.4646   -13.2597   -13.2193   -13.0461   -12.7206   -12.6779    -6.5989    -6.5896    -6.3766    -6.0829    -5.6968    -5.6312    -5.1710    -4.8837    -4.8627    -4.6150    -4.4001    -4.2331    -4.0939    -3.8219    -3.7471    -3.1868    -3.0214    -2.6603    -1.3785    -1.2363    -0.6021     0.7338     1.1400     1.5017     1.7476     1.9095     2.0671     2.5094     2.6731     2.7850     3.5687     4.0533     4.4476     5.7698     5.9845     6.2472     6.5942     7.1275     7.4958     8.2270     8.2932     8.6956
    0.3689   -13.4188   -13.2244   -13.1968   -13.0269   -12.6744   -12.6441    -6.6563    -6.5280    -6.4390    -5.9888    -5.7483    -5.5743    -5.2399    -4.9892    -4.8960    -4.6873    -4.3949    -4.3571    -4.0907    -3.8196    -3.7634    -3.2320    -3.0952    -2.7382    -1.2966    -1.1365    -0.5376     0.6440     1.0211     1.4806     1.7104     1.8867     2.1779     2.5572     2.6823     2.8768     3.6123     4.1264     4.4682     5.7183     5.9540     6.2250     6.5263     6.9784     7.3100     8.3476     8.4281     8.8077
    0.3762   -13.3873   -13.2008   -13.1804   -13.0134   -12.6440   -12.6190    -6.7033    -6.4920    -6.4416    -5.8860    -5.7869    -5.5004    -5.3314    -5.0880    -4.9152    -4.7460    -4.5228    -4.3429    -4.0856    -3.8137    -3.7728    -3.2557    -3.1551    -2.7982    -1.2306    -1.0535    -0.4869     0.5689     0.9144     1.4558     1.6769     1.8657     2.2654     2.5693     2.7137     2.9466     3.6459     4.1875     4.4790     5.6545     5.9890     6.2422     6.4879     6.8409     7.1339     8.4425     8.5469     8.8431
    0.3834   -13.3692   -13.1878   -13.1704   -13.0054   -12.6276   -12.6036    -6.7311    -6.5150    -6.3790    -5.8118    -5.7893    -5.4595    -5.3872    -5.1674    -4.9195    -4.7803    -4.6496    -4.3151    -4.0863    -3.8119    -3.7755    -3.2634    -3.1956    -2.8356    -1.1881    -0.9984    -0.4550     0.5193     0.8413     1.4358     1.6535     1.8502     2.3208     2.5631     2.7449     2.9906     3.6671     4.2302     4.4825     5.6127     6.0308     6.2863     6.4885     6.7314     6.9830     8.5034     8.6341     8.8760
    0.3906   -13.3635   -13.1838   -13.1671   -13.0028   -12.6225   -12.5985    -6.7401    -6.5232    -6.3517    -5.8173    -5.7468    -5.4815    -5.3710    -5.2019    -4.9124    -4.7925    -4.7087    -4.3049    -4.0874    -3.8132    -3.7749    -3.2635    -3.2106    -2.8480    -1.1738    -0.9794    -0.4444     0.5023     0.8157     1.4281     1.6449     1.8442     2.3394     2.5588     2.7564     3.0058     3.6745     4.2462     4.4830     5.6007     6.0456     6.3166     6.5042     6.6870     6.9092     8.5245     8.6700     8.8828
    0.3906   -13.3635   -13.1838   -13.1671   -13.0028   -12.6225   -12.5985    -6.7401    -6.5232    -6.3517    -5.8173    -5.7468    -5.4815    -5.3710    -5.2019    -4.9124    -4.7925    -4.7087    -4.3049    -4.0874    -3.8132    -3.7749    -3.2635    -3.2106    -2.8480    -1.1738    -0.9794    -0.4444     0.5023     0.8157     1.4281     1.6449     1.8442     2.3394     2.5588     2.7564     3.0058     3.6745     4.2462     4.4830     5.6007     6.0456     6.3166     6.5042     6.6870     6.9092     8.5245     8.6700     8.8829
    0.3942   -13.3649   -13.1847   -13.1679   -13.0034   -12.6237   -12.5997    -6.7379    -6.5212    -6.3593    -5.8159    -5.7588    -5.4736    -5.3777    -5.1936    -4.9148    -4.7887    -4.6919    -4.3070    -4.0872    -3.8124    -3.7750    -3.2638    -3.2068    -2.8451    -1.1772    -0.9839    -0.4469     0.5065     0.8220     1.4301     1.6473     1.8460     2.3350     2.5601     2.7537     3.0020     3.6726     4.2419     4.4829     5.6025     6.0432     6.3061     6.4965     6.6996     6.9325     8.5193     8.6596     8.8829
    0.3978   -13.3687   -13.1874   -13.1702   -13.0052   -12.6271   -12.6031    -6.7315    -6.5155    -6.3812    -5.8132    -5.7902    -5.4625    -5.3870    -5.1748    -4.9162    -4.7753    -4.6477    -4.3121    -4.0871    -3.8100    -3.7746    -3.2642    -3.1962    -2.8372    -1.1870    -0.9971    -0.4540     0.5186     0.8406     1.4362     1.6547     1.8515     2.3224     2.5642     2.7460     2.9905     3.6665     4.2293     4.4818     5.6049     6.0370     6.2771     6.4732     6.7398     6.9973     8.5047     8.6309     8.8831
    0.4014   -13.3748   -13.1918   -13.1738   -13.0082   -12.6326   -12.6085    -6.7212    -6.5067    -6.4153    -5.8404    -5.8033    -5.4804    -5.3709    -5.1537    -4.9089    -4.7478    -4.5884    -4.3170    -4.0880    -3.8054    -3.7720    -3.2638    -3.1806    -2.8251    -1.2024    -1.0176    -0.4651     0.5379     0.8703     1.4460     1.6673     1.8611     2.3027     2.5708     2.7345     2.9719     3.6560     4.2085     4.4788     5.6034     6.0282     6.2361     6.4442     6.8048     7.0901     8.4813     8.5877     8.8829
    0.4050   -13.3830   -13.1977   -13.1786   -13.0121   -12.6401   -12.6156    -6.7071    -6.4977    -6.4559    -5.8938    -5.7968    -5.5233    -5.3395    -5.1325    -4.8905    -4.7027    -4.5255    -4.3171    -4.0902    -3.7985    -3.7646    -3.2617    -3.1614    -2.8097    -1.2224    -1.0439    -0.4794     0.5633     0.9095     1.4593     1.6854     1.8753     2.2769     2.5792     2.7206     2.9467     3.6409     4.1803     4.4727     5.5938     6.0149     6.1882     6.4250     6.8879     7.2011     8.4503     8.5349     8.8808
    0.4086   -13.3930   -13.2051   -13.1844   -13.0170   -12.6494   -12.6241    -6.6895    -6.5203    -6.4689    -5.9523    -5.7893    -5.5762    -5.3143    -5.1090    -4.8594    -4.6421    -4.4710    -4.3046    -4.0941    -3.7892    -3.7483    -3.2577    -3.1400    -2.7922    -1.2458    -1.0745    -0.4961     0.5938     0.9565     1.4754     1.7094     1.8944     2.2461     2.5877     2.7069     2.9162     3.6210     4.1456     4.4624     5.5736     5.9935     6.1358     6.4284     6.9838     7.3242     8.4120     8.4789     8.8715
    0.4122   -13.4045   -13.2138   -13.1911   -13.0227   -12.6604   -12.6338    -6.6687    -6.5739    -6.4527    -6.0132    -5.7822    -5.6333    -5.3022    -5.0849    -4.8115    -4.5763    -4.4290    -4.2747    -4.0992    -3.7780    -3.7179    -3.2516    -3.1172    -2.7733    -1.2716    -1.1081    -0.5145     0.6283     1.0096     1.4938     1.7393     1.9187     2.2111     2.5928     2.6978     2.8811     3.5962     4.1050     4.4470     5.5418     5.9614     6.0806     6.4595     7.0891     7.4558     8.3662     8.4247     8.8548
    0.4158   -13.4175   -13.2236   -13.1986   -13.0292   -12.6728   -12.6444    -6.6452    -6.6328    -6.4316    -6.0751    -5.7781    -5.6901    -5.3014    -5.0662    -4.7435    -4.5266    -4.3802    -4.2358    -4.1045    -3.7648    -3.6682    -3.2435    -3.0941    -2.7540    -1.2991    -1.1431    -0.5337     0.6656     1.0671     1.5139     1.7749     1.9484     2.1729     2.5888     2.6998     2.8428     3.5667     4.0592     4.4260     5.4993     5.9199     6.0242     6.5166     7.2012     7.5927     8.3136     8.3769     8.8348
    0.4195   -13.4315   -13.2344   -13.2067   -13.0363   -12.6866   -12.6559    -6.6938    -6.6194    -6.4078    -6.1369    -5.7889    -5.7336    -5.3073    -5.0552    -4.6584    -4.5059    -4.3087    -4.1991    -4.1070    -3.7494    -3.5967    -3.2336    -3.0713    -2.7348    -1.3272    -1.1787    -0.5532     0.7047     1.1276     1.5352     1.8160     1.9835     2.1324     2.5738     2.7151     2.8024     3.5327     4.0089     4.3990     5.4477     5.8718     5.9683     6.5937     7.3174     7.7312     8.2578     8.3370     8.8085
    0.4231   -13.4465   -13.2460   -13.2153   -13.0440   -12.7013   -12.6679    -6.7554    -6.5916    -6.3822    -6.1978    -5.8335    -5.7441    -5.3170    -5.0506    -4.5666    -4.4971    -4.2402    -4.1650    -4.0939    -3.7313    -3.5047    -3.2221    -3.0494    -2.7163    -1.3555    -1.2140    -0.5724     0.7448     1.1898     1.5571     1.8619     2.0239     2.0911     2.5512     2.7406     2.7615     3.4945     3.9547     4.3661     5.3882     5.8197     5.9137     6.6855     7.4351     7.8648     8.2033     8.3083     8.7783
    0.4267   -13.4622   -13.2582   -13.2244   -13.0521   -12.7168   -12.6804    -6.8168    -6.5625    -6.3556    -6.2567    -5.8904    -5.7427    -5.3285    -5.0503    -4.5224    -4.4416    -4.2057    -4.1463    -4.0280    -3.7099    -3.3969    -3.2088    -3.0286    -2.6990    -1.3834    -1.2484    -0.5908     0.7849     1.2522     1.5793     1.9100     2.0472     2.0746     2.5242     2.7198     2.7749     3.4526     3.8972     4.3274     5.3225     5.7657     5.8607     6.7876     7.5506     7.9777     8.1541     8.3047     8.7527
    0.4303   -13.4783   -13.2708   -13.2337   -13.0605   -12.7329   -12.6931    -6.8772    -6.5328    -6.3351    -6.3062    -5.9484    -5.7402    -5.3406    -5.0525    -4.5229    -4.3505    -4.1889    -4.1373    -3.9238    -3.6846    -3.2818    -3.1902    -3.0092    -2.6833    -1.4105    -1.2815    -0.6081     0.8245     1.3140     1.6013     1.9454     2.0264     2.1247     2.4947     2.6806     2.8142     3.4077     3.8370     4.2834     5.2520     5.7108     5.8096     6.8962     7.6576     8.0364     8.1188     8.3571     8.6967
    0.4339   -13.4947   -13.2838   -13.2432   -13.0692   -12.7493   -12.7060    -6.9361    -6.5040    -6.3732    -6.2929    -6.0053    -5.7385    -5.3528    -5.0563    -4.5271    -4.2897    -4.1795    -4.0968    -3.8091    -3.6536    -3.2051    -3.1261    -2.9899    -2.6695    -1.4366    -1.3132    -0.6240     0.8626     1.3741     1.6231     1.9299     2.0588     2.1817     2.4640     2.6444     2.8587     3.3606     3.7749     4.2347     5.1778     5.6561     5.7601     7.0078     7.7461     8.0315     8.1067     8.4587     8.6593
    0.4375   -13.5113   -13.2969   -13.2528   -13.0780   -12.7658   -12.7190    -6.9932    -6.4832    -6.4160    -6.2642    -6.0602    -5.7379    -5.3645    -5.0610    -4.5308    -4.2712    -4.1835    -4.0037    -3.6977    -3.6105    -3.1841    -3.0166    -2.9566    -2.6578    -1.4617    -1.3434    -0.6384     0.8988     1.4315     1.6444     1.8908     2.1188     2.2414     2.4342     2.6127     2.9071     3.3124     3.7114     4.1821     5.1010     5.6020     5.7124     7.1192     7.8020     8.0064     8.1144     8.4823     8.7109
    0.4411   -13.5277   -13.3100   -13.2624   -13.0867   -12.7823   -12.7318    -7.0481    -6.4999    -6.4202    -6.2346    -6.1127    -5.7386    -5.3758    -5.0662    -4.5331    -4.2715    -4.1939    -3.8880    -3.6172    -3.5296    -3.1707    -2.9777    -2.8442    -2.6483    -1.4857    -1.3722    -0.6514     0.9325     1.4854     1.6651     1.8485     2.1857     2.2947     2.4129     2.5885     2.9578     3.2649     3.6473     4.1264     5.0224     5.5489     5.6664     7.2252     7.8166     7.9810     8.1262     8.2861     8.5622
    0.4447   -13.5439   -13.3229   -13.2719   -13.0955   -12.7984   -12.7445    -7.1005    -6.5428    -6.3970    -6.2054    -6.1621    -5.7404    -5.3862    -5.0718    -4.5334    -4.2776    -4.2071    -3.7675    -3.5636    -3.4151    -3.1589    -2.9649    -2.7053    -2.6406    -1.5090    -1.3998    -0.6629     0.9631     1.5349     1.6851     1.8069     2.2540     2.3142     2.4223     2.5785     3.0072     3.2220     3.5834     4.0684     4.9428     5.4970     5.6221     7.3201     7.8039     7.9570     8.1066     8.1475     8.4263
    0.4483   -13.5597   -13.3355   -13.2812   -13.1040   -12.8142   -12.7568    -7.1501    -6.5879    -6.3709    -6.2092    -6.1757    -5.7432    -5.3959    -5.0774    -4.5317    -4.2855    -4.2218    -3.6532    -3.5060    -3.2949    -3.1466    -2.9568    -2.6381    -2.5604    -1.5317    -1.4264    -0.6731     0.9903     1.5795     1.7035     1.7685     2.2880     2.3287     2.4514     2.5996     3.0437     3.1952     3.5206     4.0091     4.8630     5.4467     5.5796     7.3959     7.7760     7.9168     7.9453     8.1347     8.3301
    0.4519   -13.5749   -13.3477   -13.2901   -13.1123   -12.8293   -12.7686    -7.1968    -6.6312    -6.3470    -6.2504    -6.1480    -5.7466    -5.4046    -5.0829    -4.5279    -4.2934    -4.2375    -3.5603    -3.4264    -3.1866    -3.1230    -2.9511    -2.6353    -2.4182    -1.5543    -1.4525    -0.6821     1.0135     1.6186     1.7116     1.7430     2.2601     2.3821     2.4741     2.6602     3.0444     3.2070     3.4606     3.9494     4.7839     5.3983     5.5389     7.4420     7.7235     7.7670     7.9194     8.1069     8.3012
    0.4555   -13.5894   -13.3593   -13.2987   -13.1203   -12.8438   -12.7799    -7.2404    -6.6720    -6.3334    -6.2802    -6.1213    -5.7505    -5.4123    -5.0882    -4.5221    -4.3004    -4.2536    -3.4940    -3.3211    -3.1455    -3.0355    -2.9461    -2.6354    -2.2775    -1.5773    -1.4783    -0.6902     1.0325     1.6504     1.6908     1.7509     2.2281     2.4028     2.5192     2.7432     3.0152     3.2484     3.4079     3.8904     4.7061     5.3521     5.5002     7.4436     7.5758     7.7091     7.8963     8.0439     8.1029
    0.4592   -13.6031   -13.3703   -13.3068   -13.1278   -12.8574   -12.7905    -7.2806    -6.7098    -6.3487    -6.2800    -6.0962    -5.7545    -5.4192    -5.0933    -4.5146    -4.3063    -4.2698    -3.4410    -3.2086    -3.1298    -2.9567    -2.9076    -2.6378    -2.1401    -1.6013    -1.5041    -0.6977     1.0470     1.6538     1.6881     1.7668     2.1963     2.3987     2.5850     2.8332     2.9806     3.2774     3.3835     3.8330     4.6305     5.3083     5.4635     7.3646     7.4613     7.6573     7.8394     7.9753     8.0009
    0.4628   -13.6158   -13.3805   -13.3144   -13.1348   -12.8700   -12.8004    -7.3175    -6.7445    -6.3784    -6.2644    -6.0729    -5.7583    -5.4251    -5.0980    -4.5057    -4.3106    -4.2859    -3.3932    -3.1439    -3.0708    -2.9486    -2.7978    -2.6422    -2.0077    -1.6267    -1.5303    -0.7048     1.0570     1.6314     1.7105     1.7817     2.1662     2.3881     2.6543     2.8981     2.9765     3.2539     3.4199     3.7782     4.5581     5.2673     5.4290     7.2206     7.3870     7.6029     7.7894     7.9254     7.9774
    0.4664   -13.6275   -13.3900   -13.3213   -13.1413   -12.8816   -12.8095    -7.3507    -6.7758    -6.4080    -6.2479    -6.0518    -5.7618    -5.4303    -5.1023    -4.4959    -4.3135    -4.3013    -3.3480    -3.1334    -2.9861    -2.9220    -2.6866    -2.6480    -1.8817    -1.6543    -1.5574    -0.7119     1.0628     1.6110     1.7318     1.7944     2.1382     2.3766     2.7183     2.8885     3.0547     3.2113     3.4813     3.7270     4.4895     5.2292     5.3967     7.0708     7.3029     7.5066     7.7249     7.8700     7.9181
    0.4700   -13.6380   -13.3984   -13.3276   -13.1472   -12.8920   -12.8177    -7.3803    -6.8037    -6.4351    -6.2330    -6.0331    -5.7647    -5.4347    -5.1062    -4.4855    -4.3193    -4.3118    -3.3050    -3.1290    -2.9710    -2.8274    -2.6544    -2.5793    -1.7639    -1.6844    -1.5858    -0.7192     1.0648     1.5946     1.7508     1.8041     2.1124     2.3657     2.7614     2.8812     3.1388     3.1800     3.5459     3.6810     4.4256     5.1943     5.3669     6.9291     7.2081     7.4244     7.6376     7.7964     7.9111
    0.4736   -13.6473   -13.4060   -13.3332   -13.1524   -12.9012   -12.8249    -7.4061    -6.8281    -6.4590    -6.2202    -6.0169    -5.7671    -5.4383    -5.1096    -4.4747    -4.3329    -4.3122    -3.2648    -3.1262    -2.9729    -2.7289    -2.6540    -2.4778    -1.7189    -1.6542    -1.6155    -0.7269     1.0637     1.5820     1.7679     1.8110     2.0891     2.3560     2.7645     2.9107     3.1202     3.2541     3.5992     3.6501     4.3675     5.1629     5.3399     6.7988     7.1135     7.3448     7.5664     7.7490     7.8336
    0.4772   -13.6553   -13.4124   -13.3380   -13.1568   -12.9091   -12.8311    -7.4281    -6.8488    -6.4794    -6.2096    -6.0035    -5.7687    -5.4413    -5.1124    -4.4641    -4.3468    -4.3103    -3.2279    -3.1242    -2.9771    -2.6915    -2.5975    -2.3830    -1.7552    -1.6471    -1.5570    -0.7351     1.0607     1.5730     1.7828     1.8158     2.0683     2.3477     2.7464     2.9585     3.0864     3.3433     3.5893     3.6843     4.3160     5.1354     5.3160     6.6818     7.0236     7.2746     7.4484     7.6817     7.8188
    0.4808   -13.6619   -13.4178   -13.3419   -13.1605   -12.9156   -12.8362    -7.4461    -6.8659    -6.4962    -6.2011    -5.9927    -5.7698    -5.4437    -5.1148    -4.4537    -4.3601    -4.3077    -3.1956    -3.1226    -2.9819    -2.6961    -2.5063    -2.2964    -1.7946    -1.6801    -1.4727    -0.7438     1.0564     1.5667     1.7948     1.8196     2.0501     2.3409     2.7255     3.0028     3.0601     3.4239     3.5611     3.7367     4.2719     5.1120     5.2955     6.5806     6.9419     7.2037     7.3527     7.6280     7.7830
    0.4844   -13.6671   -13.4220   -13.3451   -13.1634   -12.9208   -12.8402    -7.4602    -6.8792    -6.5094    -6.1947    -5.9845    -5.7703    -5.4455    -5.1166    -4.4436    -4.3726    -4.3047    -3.1693    -3.1207    -2.9863    -2.7044    -2.4209    -2.2199    -1.8356    -1.7137    -1.4035    -0.7523     1.0521     1.5626     1.8029     1.8241     2.0350     2.3355     2.7073     3.0185     3.0616     3.4900     3.5391     3.7827     4.2361     5.0932     5.2788     6.4980     6.8741     7.1495     7.2707     7.5788     7.7350
    0.4880   -13.6708   -13.4250   -13.3473   -13.1655   -12.9244   -12.8431    -7.4703    -6.8887    -6.5188    -6.1902    -5.9787    -5.7706    -5.4468    -5.1179    -4.4339    -4.3840    -4.3021    -3.1507    -3.1177    -2.9899    -2.7119    -2.3486    -2.1567    -1.8749    -1.7455    -1.3515    -0.7598     1.0484     1.5601     1.8068     1.8296     2.0233     2.3317     2.6936     3.0069     3.0870     3.5127     3.5508     3.8184     4.2095     5.0793     5.2665     6.4366     6.8226     7.1088     7.2162     7.5464     7.7425
    0.4916   -13.6731   -13.4268   -13.3486   -13.1668   -12.9267   -12.8449    -7.4764    -6.8944    -6.5245    -6.1875    -5.9754    -5.7706    -5.4476    -5.1186    -4.4254    -4.3936    -4.3003    -3.1410    -3.1138    -2.9923    -2.7171    -2.2975    -2.1127    -1.9060    -1.7703    -1.3191    -0.7651     1.0459     1.5588     1.8080     1.8340     2.0159     2.3293     2.6851     2.9975     3.1053     3.5045     3.5809     3.8409     4.1930     5.0707     5.2589     6.3987     6.7903     7.0828     7.1837     7.5448     7.7084
    0.4952   -13.6738   -13.4274   -13.3491   -13.1672   -12.9274   -12.8454    -7.4784    -6.8964    -6.5264    -6.1866    -5.9743    -5.7706    -5.4478    -5.1189    -4.4212    -4.3983    -4.2997    -3.1383    -3.1119    -2.9931    -2.7190    -2.2784    -2.0964    -1.9184    -1.7801    -1.3081    -0.7670     1.0450     1.5584     1.8083     1.8357     2.0134     2.3285     2.6823     2.9941     3.1116     3.5011     3.5918     3.8486     4.1873     5.0678     5.2564     6.3859     6.7794     7.0740     7.1713     7.5221     7.7015
