#     1     5000
# total
-15.9044   0.0000 
-15.8990   0.0000 
-15.8936   0.0000 
-15.8881   0.0000 
-15.8827   0.0000 
-15.8773   0.0000 
-15.8719   0.0000 
-15.8665   0.0000 
-15.8610   0.0000 
-15.8556   0.0000 
-15.8502   0.0000 
-15.8448   0.0000 
-15.8393   0.0000 
-15.8339   0.0000 
-15.8285   0.0000 
-15.8231   0.0000 
-15.8177   0.0000 
-15.8122   0.0000 
-15.8068   0.0000 
-15.8014   0.0000 
-15.7960   0.0000 
-15.7906   0.0000 
-15.7851   0.0000 
-15.7797   0.0000 
-15.7743   0.0000 
-15.7689   0.0000 
-15.7634   0.0000 
-15.7580   0.0000 
-15.7526   0.0000 
-15.7472   0.0000 
-15.7418   0.0000 
-15.7363   0.0000 
-15.7309   0.0000 
-15.7255   0.0000 
-15.7201   0.0000 
-15.7147   0.0000 
-15.7092   0.0000 
-15.7038   0.0000 
-15.6984   0.0000 
-15.6930   0.0000 
-15.6875   0.0000 
-15.6821   0.0000 
-15.6767   0.0000 
-15.6713   0.0000 
-15.6659   0.0000 
-15.6604   0.0000 
-15.6550   0.0000 
-15.6496   0.0000 
-15.6442   0.0000 
-15.6388   0.0000 
-15.6333   0.0000 
-15.6279   0.0000 
-15.6225   0.0000 
-15.6171   0.0000 
-15.6117   0.0000 
-15.6062   0.0000 
-15.6008   0.0000 
-15.5954   0.0000 
-15.5900   0.0000 
-15.5845   0.0000 
-15.5791   0.0000 
-15.5737   0.0000 
-15.5683   0.0000 
-15.5629   0.0000 
-15.5574   0.0000 
-15.5520   0.0000 
-15.5466   0.0000 
-15.5412   0.0000 
-15.5358   0.0000 
-15.5303   0.0000 
-15.5249   0.0000 
-15.5195   0.0000 
-15.5141   0.0000 
-15.5086   0.0000 
-15.5032   0.0000 
-15.4978   0.0000 
-15.4924   0.0000 
-15.4870   0.0000 
-15.4815   0.0000 
-15.4761   0.0000 
-15.4707   0.0000 
-15.4653   0.0000 
-15.4599   0.0000 
-15.4544   0.0000 
-15.4490   0.0000 
-15.4436   0.0000 
-15.4382   0.0000 
-15.4327   0.0000 
-15.4273   0.0000 
-15.4219   0.0000 
-15.4165   0.0000 
-15.4111   0.0000 
-15.4056   0.0000 
-15.4002   0.0000 
-15.3948   0.0000 
-15.3894   0.0000 
-15.3840   0.0000 
-15.3785   0.0000 
-15.3731   0.0000 
-15.3677   0.0000 
-15.3623   0.0000 
-15.3568   0.0000 
-15.3514   0.0000 
-15.3460   0.0000 
-15.3406   0.0000 
-15.3352   0.0000 
-15.3297   0.0000 
-15.3243   0.0000 
-15.3189   0.0000 
-15.3135   0.0000 
-15.3081   0.0000 
-15.3026   0.0000 
-15.2972   0.0000 
-15.2918   0.0000 
-15.2864   0.0000 
-15.2809   0.0000 
-15.2755   0.0000 
-15.2701   0.0000 
-15.2647   0.0000 
-15.2593   0.0000 
-15.2538   0.0000 
-15.2484   0.0000 
-15.2430   0.0000 
-15.2376   0.0000 
-15.2322   0.0000 
-15.2267   0.0000 
-15.2213   0.0000 
-15.2159   0.0000 
-15.2105   0.0000 
-15.2050   0.0000 
-15.1996   0.0000 
-15.1942   0.0000 
-15.1888   0.0000 
-15.1834   0.0000 
-15.1779   0.0000 
-15.1725   0.0000 
-15.1671   0.0000 
-15.1617   0.0000 
-15.1563   0.0000 
-15.1508   0.0000 
-15.1454   0.0000 
-15.1400   0.0000 
-15.1346   0.0000 
-15.1292   0.0000 
-15.1237   0.0000 
-15.1183   0.0000 
-15.1129   0.0000 
-15.1075   0.0000 
-15.1020   0.0000 
-15.0966   0.0000 
-15.0912   0.0000 
-15.0858   0.0000 
-15.0804   0.0000 
-15.0749   0.0000 
-15.0695   0.0000 
-15.0641   0.0000 
-15.0587   0.0000 
-15.0533   0.0000 
-15.0478   0.0000 
-15.0424   0.0000 
-15.0370   0.0000 
-15.0316   0.0000 
-15.0261   0.0000 
-15.0207   0.0000 
-15.0153   0.0000 
-15.0099   0.0000 
-15.0045   0.0000 
-14.9990   0.0000 
-14.9936   0.0000 
-14.9882   0.0000 
-14.9828   0.0000 
-14.9774   0.0000 
-14.9719   0.0000 
-14.9665   0.0000 
-14.9611   0.0000 
-14.9557   0.0000 
-14.9502   0.0000 
-14.9448   0.0000 
-14.9394   0.0000 
-14.9340   0.0000 
-14.9286   0.0000 
-14.9231   0.0000 
-14.9177   0.0000 
-14.9123   0.0000 
-14.9069   0.0000 
-14.9015   0.0000 
-14.8960   0.0000 
-14.8906   0.0000 
-14.8852   0.0000 
-14.8798   0.0001 
-14.8743   0.0001 
-14.8689   0.0001 
-14.8635   0.0002 
-14.8581   0.0003 
-14.8527   0.0005 
-14.8472   0.0008 
-14.8418   0.0011 
-14.8364   0.0016 
-14.8310   0.0023 
-14.8256   0.0032 
-14.8201   0.0046 
-14.8147   0.0063 
-14.8093   0.0087 
-14.8039   0.0117 
-14.7984   0.0157 
-14.7930   0.0208 
-14.7876   0.0273 
-14.7822   0.0353 
-14.7768   0.0453 
-14.7713   0.0574 
-14.7659   0.0719 
-14.7605   0.0891 
-14.7551   0.1092 
-14.7497   0.1324 
-14.7442   0.1589 
-14.7388   0.1885 
-14.7334   0.2213 
-14.7280   0.2572 
-14.7226   0.2956 
-14.7171   0.3364 
-14.7117   0.3788 
-14.7063   0.4223 
-14.7009   0.4661 
-14.6954   0.5094 
-14.6900   0.5514 
-14.6846   0.5913 
-14.6792   0.6281 
-14.6738   0.6614 
-14.6683   0.6903 
-14.6629   0.7145 
-14.6575   0.7335 
-14.6521   0.7472 
-14.6467   0.7557 
-14.6412   0.7589 
-14.6358   0.7573 
-14.6304   0.7512 
-14.6250   0.7411 
-14.6195   0.7276 
-14.6141   0.7113 
-14.6087   0.6929 
-14.6033   0.6729 
-14.5979   0.6519 
-14.5924   0.6304 
-14.5870   0.6089 
-14.5816   0.5877 
-14.5762   0.5672 
-14.5708   0.5475 
-14.5653   0.5289 
-14.5599   0.5114 
-14.5545   0.4950 
-14.5491   0.4799 
-14.5436   0.4659 
-14.5382   0.4530 
-14.5328   0.4411 
-14.5274   0.4302 
-14.5220   0.4202 
-14.5165   0.4109 
-14.5111   0.4024 
-14.5057   0.3945 
-14.5003   0.3871 
-14.4949   0.3803 
-14.4894   0.3739 
-14.4840   0.3679 
-14.4786   0.3622 
-14.4732   0.3569 
-14.4677   0.3518 
-14.4623   0.3470 
-14.4569   0.3424 
-14.4515   0.3380 
-14.4461   0.3338 
-14.4406   0.3298 
-14.4352   0.3260 
-14.4298   0.3223 
-14.4244   0.3188 
-14.4190   0.3155 
-14.4135   0.3123 
-14.4081   0.3093 
-14.4027   0.3064 
-14.3973   0.3036 
-14.3918   0.3008 
-14.3864   0.2981 
-14.3810   0.2954 
-14.3756   0.2928 
-14.3702   0.2902 
-14.3647   0.2876 
-14.3593   0.2851 
-14.3539   0.2827 
-14.3485   0.2805 
-14.3431   0.2783 
-14.3376   0.2763 
-14.3322   0.2745 
-14.3268   0.2728 
-14.3214   0.2713 
-14.3159   0.2700 
-14.3105   0.2688 
-14.3051   0.2677 
-14.2997   0.2669 
-14.2943   0.2663 
-14.2888   0.2659 
-14.2834   0.2660 
-14.2780   0.2666 
-14.2726   0.2679 
-14.2672   0.2702 
-14.2617   0.2737 
-14.2563   0.2787 
-14.2509   0.2855 
-14.2455   0.2944 
-14.2401   0.3058 
-14.2346   0.3198 
-14.2292   0.3369 
-14.2238   0.3571 
-14.2184   0.3806 
-14.2129   0.4076 
-14.2075   0.4379 
-14.2021   0.4716 
-14.1967   0.5083 
-14.1913   0.5477 
-14.1858   0.5894 
-14.1804   0.6328 
-14.1750   0.6773 
-14.1696   0.7221 
-14.1642   0.7665 
-14.1587   0.8096 
-14.1533   0.8506 
-14.1479   0.8887 
-14.1425   0.9233 
-14.1370   0.9538 
-14.1316   0.9797 
-14.1262   1.0007 
-14.1208   1.0166 
-14.1154   1.0277 
-14.1099   1.0340 
-14.1045   1.0360 
-14.0991   1.0342 
-14.0937   1.0294 
-14.0883   1.0222 
-14.0828   1.0137 
-14.0774   1.0045 
-14.0720   0.9958 
-14.0666   0.9882 
-14.0611   0.9827 
-14.0557   0.9800 
-14.0503   0.9806 
-14.0449   0.9851 
-14.0395   0.9938 
-14.0340   1.0068 
-14.0286   1.0241 
-14.0232   1.0455 
-14.0178   1.0706 
-14.0124   1.0988 
-14.0069   1.1295 
-14.0015   1.1617 
-13.9961   1.1945 
-13.9907   1.2268 
-13.9852   1.2577 
-13.9798   1.2862 
-13.9744   1.3113 
-13.9690   1.3323 
-13.9636   1.3485 
-13.9581   1.3595 
-13.9527   1.3650 
-13.9473   1.3650 
-13.9419   1.3598 
-13.9365   1.3496 
-13.9310   1.3350 
-13.9256   1.3166 
-13.9202   1.2952 
-13.9148   1.2716 
-13.9093   1.2464 
-13.9039   1.2205 
-13.8985   1.1945 
-13.8931   1.1689 
-13.8877   1.1441 
-13.8822   1.1204 
-13.8768   1.0980 
-13.8714   1.0769 
-13.8660   1.0572 
-13.8606   1.0386 
-13.8551   1.0211 
-13.8497   1.0044 
-13.8443   0.9883 
-13.8389   0.9727 
-13.8335   0.9575 
-13.8280   0.9425 
-13.8226   0.9279 
-13.8172   0.9135 
-13.8118   0.8996 
-13.8063   0.8863 
-13.8009   0.8737 
-13.7955   0.8619 
-13.7901   0.8513 
-13.7847   0.8417 
-13.7792   0.8335 
-13.7738   0.8264 
-13.7684   0.8206 
-13.7630   0.8159 
-13.7576   0.8120 
-13.7521   0.8089 
-13.7467   0.8062 
-13.7413   0.8036 
-13.7359   0.8008 
-13.7304   0.7976 
-13.7250   0.7939 
-13.7196   0.7894 
-13.7142   0.7840 
-13.7088   0.7779 
-13.7033   0.7710 
-13.6979   0.7636 
-13.6925   0.7558 
-13.6871   0.7479 
-13.6817   0.7403 
-13.6762   0.7331 
-13.6708   0.7267 
-13.6654   0.7212 
-13.6600   0.7168 
-13.6545   0.7135 
-13.6491   0.7113 
-13.6437   0.7102 
-13.6383   0.7098 
-13.6329   0.7100 
-13.6274   0.7104 
-13.6220   0.7108 
-13.6166   0.7109 
-13.6112   0.7105 
-13.6058   0.7093 
-13.6003   0.7072 
-13.5949   0.7042 
-13.5895   0.7004 
-13.5841   0.6958 
-13.5786   0.6908 
-13.5732   0.6854 
-13.5678   0.6799 
-13.5624   0.6747 
-13.5570   0.6699 
-13.5515   0.6657 
-13.5461   0.6622 
-13.5407   0.6594 
-13.5353   0.6575 
-13.5299   0.6562 
-13.5244   0.6555 
-13.5190   0.6551 
-13.5136   0.6550 
-13.5082   0.6549 
-13.5027   0.6548 
-13.4973   0.6544 
-13.4919   0.6537 
-13.4865   0.6527 
-13.4811   0.6513 
-13.4756   0.6497 
-13.4702   0.6479 
-13.4648   0.6460 
-13.4594   0.6441 
-13.4540   0.6422 
-13.4485   0.6404 
-13.4431   0.6388 
-13.4377   0.6373 
-13.4323   0.6359 
-13.4268   0.6345 
-13.4214   0.6331 
-13.4160   0.6316 
-13.4106   0.6298 
-13.4052   0.6279 
-13.3997   0.6257 
-13.3943   0.6233 
-13.3889   0.6209 
-13.3835   0.6184 
-13.3781   0.6162 
-13.3726   0.6143 
-13.3672   0.6131 
-13.3618   0.6126 
-13.3564   0.6130 
-13.3510   0.6145 
-13.3455   0.6172 
-13.3401   0.6212 
-13.3347   0.6265 
-13.3293   0.6332 
-13.3238   0.6413 
-13.3184   0.6508 
-13.3130   0.6618 
-13.3076   0.6744 
-13.3022   0.6887 
-13.2967   0.7051 
-13.2913   0.7238 
-13.2859   0.7452 
-13.2805   0.7697 
-13.2751   0.7977 
-13.2696   0.8296 
-13.2642   0.8657 
-13.2588   0.9061 
-13.2534   0.9509 
-13.2479   0.9999 
-13.2425   1.0527 
-13.2371   1.1088 
-13.2317   1.1672 
-13.2263   1.2270 
-13.2208   1.2869 
-13.2154   1.3456 
-13.2100   1.4017 
-13.2046   1.4539 
-13.1992   1.5009 
-13.1937   1.5416 
-13.1883   1.5751 
-13.1829   1.6009 
-13.1775   1.6186 
-13.1720   1.6284 
-13.1666   1.6305 
-13.1612   1.6256 
-13.1558   1.6148 
-13.1504   1.5993 
-13.1449   1.5803 
-13.1395   1.5593 
-13.1341   1.5379 
-13.1287   1.5175 
-13.1233   1.4995 
-13.1178   1.4850 
-13.1124   1.4752 
-13.1070   1.4707 
-13.1016   1.4723 
-13.0961   1.4802 
-13.0907   1.4946 
-13.0853   1.5152 
-13.0799   1.5417 
-13.0745   1.5735 
-13.0690   1.6100 
-13.0636   1.6503 
-13.0582   1.6935 
-13.0528   1.7385 
-13.0474   1.7845 
-13.0419   1.8302 
-13.0365   1.8749 
-13.0311   1.9177 
-13.0257   1.9577 
-13.0202   1.9942 
-13.0148   2.0268 
-13.0094   2.0551 
-13.0040   2.0787 
-12.9986   2.0977 
-12.9931   2.1121 
-12.9877   2.1221 
-12.9823   2.1280 
-12.9769   2.1304 
-12.9715   2.1296 
-12.9660   2.1265 
-12.9606   2.1217 
-12.9552   2.1161 
-12.9498   2.1104 
-12.9444   2.1057 
-12.9389   2.1026 
-12.9335   2.1021 
-12.9281   2.1051 
-12.9227   2.1121 
-12.9172   2.1239 
-12.9118   2.1409 
-12.9064   2.1634 
-12.9010   2.1914 
-12.8956   2.2249 
-12.8901   2.2633 
-12.8847   2.3061 
-12.8793   2.3523 
-12.8739   2.4008 
-12.8685   2.4504 
-12.8630   2.4997 
-12.8576   2.5473 
-12.8522   2.5918 
-12.8468   2.6318 
-12.8413   2.6662 
-12.8359   2.6940 
-12.8305   2.7146 
-12.8251   2.7275 
-12.8197   2.7326 
-12.8142   2.7302 
-12.8088   2.7206 
-12.8034   2.7046 
-12.7980   2.6830 
-12.7926   2.6568 
-12.7871   2.6271 
-12.7817   2.5949 
-12.7763   2.5614 
-12.7709   2.5273 
-12.7654   2.4937 
-12.7600   2.4612 
-12.7546   2.4303 
-12.7492   2.4016 
-12.7438   2.3754 
-12.7383   2.3518 
-12.7329   2.3312 
-12.7275   2.3135 
-12.7221   2.2991 
-12.7167   2.2880 
-12.7112   2.2804 
-12.7058   2.2766 
-12.7004   2.2767 
-12.6950   2.2810 
-12.6895   2.2898 
-12.6841   2.3033 
-12.6787   2.3216 
-12.6733   2.3450 
-12.6679   2.3733 
-12.6624   2.4065 
-12.6570   2.4443 
-12.6516   2.4862 
-12.6462   2.5318 
-12.6408   2.5804 
-12.6353   2.6310 
-12.6299   2.6827 
-12.6245   2.7345 
-12.6191   2.7854 
-12.6136   2.8343 
-12.6082   2.8801 
-12.6028   2.9220 
-12.5974   2.9590 
-12.5920   2.9905 
-12.5865   3.0159 
-12.5811   3.0350 
-12.5757   3.0475 
-12.5703   3.0535 
-12.5649   3.0532 
-12.5594   3.0470 
-12.5540   3.0355 
-12.5486   3.0193 
-12.5432   2.9991 
-12.5377   2.9759 
-12.5323   2.9504 
-12.5269   2.9236 
-12.5215   2.8962 
-12.5161   2.8693 
-12.5106   2.8434 
-12.5052   2.8194 
-12.4998   2.7979 
-12.4944   2.7794 
-12.4890   2.7645 
-12.4835   2.7536 
-12.4781   2.7470 
-12.4727   2.7450 
-12.4673   2.7478 
-12.4619   2.7558 
-12.4564   2.7690 
-12.4510   2.7878 
-12.4456   2.8125 
-12.4402   2.8431 
-12.4347   2.8802 
-12.4293   2.9239 
-12.4239   2.9746 
-12.4185   3.0325 
-12.4131   3.0978 
-12.4076   3.1706 
-12.4022   3.2510 
-12.3968   3.3387 
-12.3914   3.4334 
-12.3860   3.5345 
-12.3805   3.6413 
-12.3751   3.7528 
-12.3697   3.8679 
-12.3643   3.9853 
-12.3588   4.1035 
-12.3534   4.2210 
-12.3480   4.3362 
-12.3426   4.4474 
-12.3372   4.5532 
-12.3317   4.6521 
-12.3263   4.7426 
-12.3209   4.8236 
-12.3155   4.8940 
-12.3101   4.9529 
-12.3046   4.9998 
-12.2992   5.0342 
-12.2938   5.0560 
-12.2884   5.0653 
-12.2829   5.0625 
-12.2775   5.0481 
-12.2721   5.0231 
-12.2667   4.9884 
-12.2613   4.9455 
-12.2558   4.8958 
-12.2504   4.8410 
-12.2450   4.7828 
-12.2396   4.7233 
-12.2342   4.6643 
-12.2287   4.6078 
-12.2233   4.5556 
-12.2179   4.5096 
-12.2125   4.4714 
-12.2070   4.4425 
-12.2016   4.4241 
-12.1962   4.4170 
-12.1908   4.4218 
-12.1854   4.4387 
-12.1799   4.4674 
-12.1745   4.5072 
-12.1691   4.5570 
-12.1637   4.6151 
-12.1583   4.6797 
-12.1528   4.7482 
-12.1474   4.8179 
-12.1420   4.8859 
-12.1366   4.9491 
-12.1311   5.0043 
-12.1257   5.0485 
-12.1203   5.0789 
-12.1149   5.0930 
-12.1095   5.0889 
-12.1040   5.0652 
-12.0986   5.0210 
-12.0932   4.9564 
-12.0878   4.8721 
-12.0824   4.7692 
-12.0769   4.6500 
-12.0715   4.5168 
-12.0661   4.3726 
-12.0607   4.2208 
-12.0552   4.0648 
-12.0498   3.9079 
-12.0444   3.7536 
-12.0390   3.6048 
-12.0336   3.4642 
-12.0281   3.3340 
-12.0227   3.2158 
-12.0173   3.1107 
-12.0119   3.0191 
-12.0065   2.9410 
-12.0010   2.8757 
-11.9956   2.8222 
-11.9902   2.7791 
-11.9848   2.7446 
-11.9794   2.7169 
-11.9739   2.6940 
-11.9685   2.6741 
-11.9631   2.6552 
-11.9577   2.6359 
-11.9522   2.6148 
-11.9468   2.5910 
-11.9414   2.5638 
-11.9360   2.5330 
-11.9306   2.4987 
-11.9251   2.4615 
-11.9197   2.4219 
-11.9143   2.3811 
-11.9089   2.3401 
-11.9035   2.3002 
-11.8980   2.2625 
-11.8926   2.2282 
-11.8872   2.1984 
-11.8818   2.1738 
-11.8763   2.1551 
-11.8709   2.1428 
-11.8655   2.1369 
-11.8601   2.1375 
-11.8547   2.1444 
-11.8492   2.1571 
-11.8438   2.1752 
-11.8384   2.1980 
-11.8330   2.2249 
-11.8276   2.2551 
-11.8221   2.2878 
-11.8167   2.3222 
-11.8113   2.3575 
-11.8059   2.3929 
-11.8004   2.4275 
-11.7950   2.4606 
-11.7896   2.4913 
-11.7842   2.5187 
-11.7788   2.5423 
-11.7733   2.5613 
-11.7679   2.5752 
-11.7625   2.5836 
-11.7571   2.5862 
-11.7517   2.5830 
-11.7462   2.5740 
-11.7408   2.5595 
-11.7354   2.5401 
-11.7300   2.5162 
-11.7245   2.4888 
-11.7191   2.4586 
-11.7137   2.4267 
-11.7083   2.3940 
-11.7029   2.3615 
-11.6974   2.3302 
-11.6920   2.3010 
-11.6866   2.2747 
-11.6812   2.2521 
-11.6758   2.2338 
-11.6703   2.2204 
-11.6649   2.2123 
-11.6595   2.2097 
-11.6541   2.2128 
-11.6486   2.2218 
-11.6432   2.2363 
-11.6378   2.2563 
-11.6324   2.2813 
-11.6270   2.3107 
-11.6215   2.3438 
-11.6161   2.3796 
-11.6107   2.4171 
-11.6053   2.4549 
-11.5999   2.4916 
-11.5944   2.5256 
-11.5890   2.5552 
-11.5836   2.5786 
-11.5782   2.5942 
-11.5728   2.6001 
-11.5673   2.5949 
-11.5619   2.5772 
-11.5565   2.5460 
-11.5511   2.5006 
-11.5456   2.4407 
-11.5402   2.3664 
-11.5348   2.2782 
-11.5294   2.1772 
-11.5240   2.0646 
-11.5185   1.9422 
-11.5131   1.8120 
-11.5077   1.6762 
-11.5023   1.5372 
-11.4969   1.3971 
-11.4914   1.2582 
-11.4860   1.1227 
-11.4806   0.9924 
-11.4752   0.8688 
-11.4697   0.7533 
-11.4643   0.6468 
-11.4589   0.5499 
-11.4535   0.4628 
-11.4481   0.3856 
-11.4426   0.3180 
-11.4372   0.2596 
-11.4318   0.2097 
-11.4264   0.1677 
-11.4210   0.1327 
-11.4155   0.1039 
-11.4101   0.0804 
-11.4047   0.0617 
-11.3993   0.0468 
-11.3938   0.0351 
-11.3884   0.0260 
-11.3830   0.0191 
-11.3776   0.0139 
-11.3722   0.0100 
-11.3667   0.0071 
-11.3613   0.0050 
-11.3559   0.0035 
-11.3505   0.0024 
-11.3451   0.0016 
-11.3396   0.0011 
-11.3342   0.0007 
-11.3288   0.0005 
-11.3234   0.0003 
-11.3179   0.0002 
-11.3125   0.0001 
-11.3071   0.0001 
-11.3017   0.0000 
-11.2963   0.0000 
-11.2908   0.0000 
-11.2854   0.0000 
-11.2800   0.0000 
-11.2746   0.0000 
-11.2692   0.0000 
-11.2637   0.0000 
-11.2583   0.0000 
-11.2529   0.0000 
-11.2475   0.0000 
-11.2420   0.0000 
-11.2366   0.0000 
-11.2312   0.0000 
-11.2258   0.0000 
-11.2204   0.0000 
-11.2149   0.0000 
-11.2095   0.0000 
-11.2041   0.0000 
-11.1987   0.0000 
-11.1933   0.0000 
-11.1878   0.0000 
-11.1824   0.0000 
-11.1770   0.0000 
-11.1716   0.0000 
-11.1661   0.0000 
-11.1607   0.0000 
-11.1553   0.0000 
-11.1499   0.0000 
-11.1445   0.0000 
-11.1390   0.0000 
-11.1336   0.0000 
-11.1282   0.0000 
-11.1228   0.0000 
-11.1174   0.0000 
-11.1119   0.0000 
-11.1065   0.0000 
-11.1011   0.0000 
-11.0957   0.0000 
-11.0903   0.0000 
-11.0848   0.0000 
-11.0794   0.0000 
-11.0740   0.0000 
-11.0686   0.0000 
-11.0631   0.0000 
-11.0577   0.0000 
-11.0523   0.0000 
-11.0469   0.0000 
-11.0415   0.0000 
-11.0360   0.0000 
-11.0306   0.0000 
-11.0252   0.0000 
-11.0198   0.0000 
-11.0144   0.0000 
-11.0089   0.0000 
-11.0035   0.0000 
-10.9981   0.0000 
-10.9927   0.0000 
-10.9872   0.0000 
-10.9818   0.0000 
-10.9764   0.0000 
-10.9710   0.0000 
-10.9656   0.0000 
-10.9601   0.0000 
-10.9547   0.0000 
-10.9493   0.0000 
-10.9439   0.0000 
-10.9385   0.0000 
-10.9330   0.0000 
-10.9276   0.0000 
-10.9222   0.0000 
-10.9168   0.0000 
-10.9113   0.0000 
-10.9059   0.0000 
-10.9005   0.0000 
-10.8951   0.0000 
-10.8897   0.0000 
-10.8842   0.0000 
-10.8788   0.0000 
-10.8734   0.0000 
-10.8680   0.0000 
-10.8626   0.0000 
-10.8571   0.0000 
-10.8517   0.0000 
-10.8463   0.0000 
-10.8409   0.0000 
-10.8354   0.0000 
-10.8300   0.0000 
-10.8246   0.0000 
-10.8192   0.0000 
-10.8138   0.0000 
-10.8083   0.0000 
-10.8029   0.0000 
-10.7975   0.0000 
-10.7921   0.0000 
-10.7867   0.0000 
-10.7812   0.0000 
-10.7758   0.0000 
-10.7704   0.0000 
-10.7650   0.0000 
-10.7595   0.0000 
-10.7541   0.0000 
-10.7487   0.0000 
-10.7433   0.0000 
-10.7379   0.0000 
-10.7324   0.0000 
-10.7270   0.0000 
-10.7216   0.0000 
-10.7162   0.0000 
-10.7108   0.0000 
-10.7053   0.0000 
-10.6999   0.0000 
-10.6945   0.0000 
-10.6891   0.0000 
-10.6837   0.0000 
-10.6782   0.0000 
-10.6728   0.0000 
-10.6674   0.0000 
-10.6620   0.0000 
-10.6565   0.0000 
-10.6511   0.0000 
-10.6457   0.0000 
-10.6403   0.0000 
-10.6349   0.0000 
-10.6294   0.0000 
-10.6240   0.0000 
-10.6186   0.0000 
-10.6132   0.0000 
-10.6078   0.0000 
-10.6023   0.0000 
-10.5969   0.0000 
-10.5915   0.0000 
-10.5861   0.0000 
-10.5806   0.0000 
-10.5752   0.0000 
-10.5698   0.0000 
-10.5644   0.0000 
-10.5590   0.0000 
-10.5535   0.0000 
-10.5481   0.0000 
-10.5427   0.0000 
-10.5373   0.0000 
-10.5319   0.0000 
-10.5264   0.0000 
-10.5210   0.0000 
-10.5156   0.0000 
-10.5102   0.0000 
-10.5047   0.0000 
-10.4993   0.0000 
-10.4939   0.0000 
-10.4885   0.0000 
-10.4831   0.0000 
-10.4776   0.0000 
-10.4722   0.0000 
-10.4668   0.0000 
-10.4614   0.0000 
-10.4560   0.0000 
-10.4505   0.0000 
-10.4451   0.0000 
-10.4397   0.0000 
-10.4343   0.0000 
-10.4288   0.0000 
-10.4234   0.0000 
-10.4180   0.0000 
-10.4126   0.0000 
-10.4072   0.0000 
-10.4017   0.0000 
-10.3963   0.0000 
-10.3909   0.0000 
-10.3855   0.0000 
-10.3801   0.0000 
-10.3746   0.0000 
-10.3692   0.0000 
-10.3638   0.0000 
-10.3584   0.0000 
-10.3529   0.0000 
-10.3475   0.0000 
-10.3421   0.0000 
-10.3367   0.0000 
-10.3313   0.0000 
-10.3258   0.0000 
-10.3204   0.0000 
-10.3150   0.0000 
-10.3096   0.0000 
-10.3042   0.0000 
-10.2987   0.0000 
-10.2933   0.0000 
-10.2879   0.0000 
-10.2825   0.0000 
-10.2770   0.0000 
-10.2716   0.0000 
-10.2662   0.0000 
-10.2608   0.0000 
-10.2554   0.0000 
-10.2499   0.0000 
-10.2445   0.0000 
-10.2391   0.0000 
-10.2337   0.0000 
-10.2283   0.0000 
-10.2228   0.0000 
-10.2174   0.0000 
-10.2120   0.0000 
-10.2066   0.0000 
-10.2012   0.0000 
-10.1957   0.0000 
-10.1903   0.0000 
-10.1849   0.0000 
-10.1795   0.0000 
-10.1740   0.0000 
-10.1686   0.0000 
-10.1632   0.0000 
-10.1578   0.0000 
-10.1524   0.0000 
-10.1469   0.0000 
-10.1415   0.0000 
-10.1361   0.0000 
-10.1307   0.0000 
-10.1253   0.0000 
-10.1198   0.0000 
-10.1144   0.0000 
-10.1090   0.0000 
-10.1036   0.0000 
-10.0981   0.0000 
-10.0927   0.0000 
-10.0873   0.0000 
-10.0819   0.0000 
-10.0765   0.0000 
-10.0710   0.0000 
-10.0656   0.0000 
-10.0602   0.0000 
-10.0548   0.0000 
-10.0494   0.0000 
-10.0439   0.0000 
-10.0385   0.0000 
-10.0331   0.0000 
-10.0277   0.0000 
-10.0222   0.0000 
-10.0168   0.0000 
-10.0114   0.0000 
-10.0060   0.0000 
-10.0006   0.0000 
 -9.9951   0.0000 
 -9.9897   0.0000 
 -9.9843   0.0000 
 -9.9789   0.0000 
 -9.9735   0.0000 
 -9.9680   0.0000 
 -9.9626   0.0000 
 -9.9572   0.0000 
 -9.9518   0.0000 
 -9.9463   0.0000 
 -9.9409   0.0000 
 -9.9355   0.0000 
 -9.9301   0.0000 
 -9.9247   0.0000 
 -9.9192   0.0000 
 -9.9138   0.0000 
 -9.9084   0.0000 
 -9.9030   0.0000 
 -9.8976   0.0000 
 -9.8921   0.0000 
 -9.8867   0.0000 
 -9.8813   0.0000 
 -9.8759   0.0000 
 -9.8704   0.0000 
 -9.8650   0.0000 
 -9.8596   0.0000 
 -9.8542   0.0000 
 -9.8488   0.0000 
 -9.8433   0.0000 
 -9.8379   0.0000 
 -9.8325   0.0000 
 -9.8271   0.0000 
 -9.8217   0.0000 
 -9.8162   0.0000 
 -9.8108   0.0000 
 -9.8054   0.0000 
 -9.8000   0.0000 
 -9.7946   0.0000 
 -9.7891   0.0000 
 -9.7837   0.0000 
 -9.7783   0.0000 
 -9.7729   0.0000 
 -9.7674   0.0000 
 -9.7620   0.0000 
 -9.7566   0.0000 
 -9.7512   0.0000 
 -9.7458   0.0000 
 -9.7403   0.0000 
 -9.7349   0.0000 
 -9.7295   0.0000 
 -9.7241   0.0000 
 -9.7187   0.0000 
 -9.7132   0.0000 
 -9.7078   0.0000 
 -9.7024   0.0000 
 -9.6970   0.0000 
 -9.6915   0.0000 
 -9.6861   0.0000 
 -9.6807   0.0000 
 -9.6753   0.0000 
 -9.6699   0.0000 
 -9.6644   0.0000 
 -9.6590   0.0000 
 -9.6536   0.0000 
 -9.6482   0.0000 
 -9.6428   0.0000 
 -9.6373   0.0000 
 -9.6319   0.0000 
 -9.6265   0.0000 
 -9.6211   0.0000 
 -9.6156   0.0000 
 -9.6102   0.0000 
 -9.6048   0.0000 
 -9.5994   0.0000 
 -9.5940   0.0000 
 -9.5885   0.0000 
 -9.5831   0.0000 
 -9.5777   0.0000 
 -9.5723   0.0000 
 -9.5669   0.0000 
 -9.5614   0.0000 
 -9.5560   0.0000 
 -9.5506   0.0000 
 -9.5452   0.0000 
 -9.5397   0.0000 
 -9.5343   0.0000 
 -9.5289   0.0000 
 -9.5235   0.0000 
 -9.5181   0.0000 
 -9.5126   0.0000 
 -9.5072   0.0000 
 -9.5018   0.0000 
 -9.4964   0.0000 
 -9.4910   0.0000 
 -9.4855   0.0000 
 -9.4801   0.0000 
 -9.4747   0.0000 
 -9.4693   0.0000 
 -9.4638   0.0000 
 -9.4584   0.0000 
 -9.4530   0.0000 
 -9.4476   0.0000 
 -9.4422   0.0000 
 -9.4367   0.0000 
 -9.4313   0.0000 
 -9.4259   0.0000 
 -9.4205   0.0000 
 -9.4151   0.0000 
 -9.4096   0.0000 
 -9.4042   0.0000 
 -9.3988   0.0000 
 -9.3934   0.0000 
 -9.3879   0.0000 
 -9.3825   0.0000 
 -9.3771   0.0000 
 -9.3717   0.0000 
 -9.3663   0.0000 
 -9.3608   0.0000 
 -9.3554   0.0000 
 -9.3500   0.0000 
 -9.3446   0.0000 
 -9.3392   0.0000 
 -9.3337   0.0000 
 -9.3283   0.0000 
 -9.3229   0.0000 
 -9.3175   0.0000 
 -9.3121   0.0000 
 -9.3066   0.0000 
 -9.3012   0.0000 
 -9.2958   0.0000 
 -9.2904   0.0000 
 -9.2849   0.0000 
 -9.2795   0.0000 
 -9.2741   0.0000 
 -9.2687   0.0000 
 -9.2633   0.0000 
 -9.2578   0.0000 
 -9.2524   0.0000 
 -9.2470   0.0000 
 -9.2416   0.0000 
 -9.2362   0.0000 
 -9.2307   0.0000 
 -9.2253   0.0000 
 -9.2199   0.0000 
 -9.2145   0.0000 
 -9.2090   0.0000 
 -9.2036   0.0000 
 -9.1982   0.0000 
 -9.1928   0.0000 
 -9.1874   0.0000 
 -9.1819   0.0000 
 -9.1765   0.0000 
 -9.1711   0.0000 
 -9.1657   0.0000 
 -9.1603   0.0000 
 -9.1548   0.0000 
 -9.1494   0.0000 
 -9.1440   0.0000 
 -9.1386   0.0000 
 -9.1331   0.0000 
 -9.1277   0.0000 
 -9.1223   0.0000 
 -9.1169   0.0000 
 -9.1115   0.0000 
 -9.1060   0.0000 
 -9.1006   0.0000 
 -9.0952   0.0000 
 -9.0898   0.0000 
 -9.0844   0.0000 
 -9.0789   0.0000 
 -9.0735   0.0000 
 -9.0681   0.0000 
 -9.0627   0.0000 
 -9.0572   0.0000 
 -9.0518   0.0000 
 -9.0464   0.0000 
 -9.0410   0.0000 
 -9.0356   0.0000 
 -9.0301   0.0000 
 -9.0247   0.0000 
 -9.0193   0.0000 
 -9.0139   0.0000 
 -9.0085   0.0000 
 -9.0030   0.0000 
 -8.9976   0.0000 
 -8.9922   0.0000 
 -8.9868   0.0000 
 -8.9813   0.0000 
 -8.9759   0.0000 
 -8.9705   0.0000 
 -8.9651   0.0000 
 -8.9597   0.0000 
 -8.9542   0.0000 
 -8.9488   0.0000 
 -8.9434   0.0000 
 -8.9380   0.0000 
 -8.9326   0.0000 
 -8.9271   0.0000 
 -8.9217   0.0000 
 -8.9163   0.0000 
 -8.9109   0.0000 
 -8.9055   0.0000 
 -8.9000   0.0000 
 -8.8946   0.0000 
 -8.8892   0.0000 
 -8.8838   0.0000 
 -8.8783   0.0000 
 -8.8729   0.0000 
 -8.8675   0.0000 
 -8.8621   0.0000 
 -8.8567   0.0000 
 -8.8512   0.0000 
 -8.8458   0.0000 
 -8.8404   0.0000 
 -8.8350   0.0000 
 -8.8296   0.0000 
 -8.8241   0.0000 
 -8.8187   0.0000 
 -8.8133   0.0000 
 -8.8079   0.0000 
 -8.8024   0.0000 
 -8.7970   0.0000 
 -8.7916   0.0000 
 -8.7862   0.0000 
 -8.7808   0.0000 
 -8.7753   0.0000 
 -8.7699   0.0000 
 -8.7645   0.0000 
 -8.7591   0.0000 
 -8.7537   0.0000 
 -8.7482   0.0000 
 -8.7428   0.0000 
 -8.7374   0.0000 
 -8.7320   0.0000 
 -8.7265   0.0000 
 -8.7211   0.0000 
 -8.7157   0.0000 
 -8.7103   0.0000 
 -8.7049   0.0000 
 -8.6994   0.0000 
 -8.6940   0.0000 
 -8.6886   0.0000 
 -8.6832   0.0000 
 -8.6778   0.0000 
 -8.6723   0.0000 
 -8.6669   0.0000 
 -8.6615   0.0000 
 -8.6561   0.0000 
 -8.6506   0.0000 
 -8.6452   0.0000 
 -8.6398   0.0000 
 -8.6344   0.0000 
 -8.6290   0.0000 
 -8.6235   0.0000 
 -8.6181   0.0000 
 -8.6127   0.0000 
 -8.6073   0.0000 
 -8.6019   0.0000 
 -8.5964   0.0000 
 -8.5910   0.0000 
 -8.5856   0.0000 
 -8.5802   0.0000 
 -8.5747   0.0000 
 -8.5693   0.0000 
 -8.5639   0.0000 
 -8.5585   0.0000 
 -8.5531   0.0000 
 -8.5476   0.0000 
 -8.5422   0.0000 
 -8.5368   0.0000 
 -8.5314   0.0000 
 -8.5260   0.0000 
 -8.5205   0.0000 
 -8.5151   0.0000 
 -8.5097   0.0000 
 -8.5043   0.0000 
 -8.4988   0.0000 
 -8.4934   0.0000 
 -8.4880   0.0000 
 -8.4826   0.0000 
 -8.4772   0.0000 
 -8.4717   0.0000 
 -8.4663   0.0000 
 -8.4609   0.0000 
 -8.4555   0.0000 
 -8.4501   0.0000 
 -8.4446   0.0000 
 -8.4392   0.0000 
 -8.4338   0.0000 
 -8.4284   0.0000 
 -8.4230   0.0000 
 -8.4175   0.0000 
 -8.4121   0.0000 
 -8.4067   0.0000 
 -8.4013   0.0000 
 -8.3958   0.0000 
 -8.3904   0.0000 
 -8.3850   0.0000 
 -8.3796   0.0000 
 -8.3742   0.0000 
 -8.3687   0.0000 
 -8.3633   0.0000 
 -8.3579   0.0000 
 -8.3525   0.0000 
 -8.3471   0.0000 
 -8.3416   0.0000 
 -8.3362   0.0000 
 -8.3308   0.0000 
 -8.3254   0.0000 
 -8.3199   0.0000 
 -8.3145   0.0000 
 -8.3091   0.0000 
 -8.3037   0.0000 
 -8.2983   0.0000 
 -8.2928   0.0000 
 -8.2874   0.0000 
 -8.2820   0.0000 
 -8.2766   0.0000 
 -8.2712   0.0000 
 -8.2657   0.0000 
 -8.2603   0.0000 
 -8.2549   0.0000 
 -8.2495   0.0000 
 -8.2440   0.0000 
 -8.2386   0.0000 
 -8.2332   0.0000 
 -8.2278   0.0000 
 -8.2224   0.0000 
 -8.2169   0.0000 
 -8.2115   0.0000 
 -8.2061   0.0000 
 -8.2007   0.0000 
 -8.1953   0.0000 
 -8.1898   0.0000 
 -8.1844   0.0000 
 -8.1790   0.0000 
 -8.1736   0.0000 
 -8.1681   0.0000 
 -8.1627   0.0000 
 -8.1573   0.0000 
 -8.1519   0.0000 
 -8.1465   0.0000 
 -8.1410   0.0000 
 -8.1356   0.0000 
 -8.1302   0.0000 
 -8.1248   0.0000 
 -8.1194   0.0000 
 -8.1139   0.0000 
 -8.1085   0.0000 
 -8.1031   0.0000 
 -8.0977   0.0000 
 -8.0922   0.0000 
 -8.0868   0.0000 
 -8.0814   0.0000 
 -8.0760   0.0000 
 -8.0706   0.0000 
 -8.0651   0.0000 
 -8.0597   0.0000 
 -8.0543   0.0000 
 -8.0489   0.0000 
 -8.0435   0.0000 
 -8.0380   0.0000 
 -8.0326   0.0000 
 -8.0272   0.0000 
 -8.0218   0.0000 
 -8.0164   0.0000 
 -8.0109   0.0000 
 -8.0055   0.0000 
 -8.0001   0.0000 
 -7.9947   0.0000 
 -7.9892   0.0000 
 -7.9838   0.0000 
 -7.9784   0.0000 
 -7.9730   0.0000 
 -7.9676   0.0000 
 -7.9621   0.0000 
 -7.9567   0.0000 
 -7.9513   0.0000 
 -7.9459   0.0000 
 -7.9405   0.0000 
 -7.9350   0.0000 
 -7.9296   0.0000 
 -7.9242   0.0000 
 -7.9188   0.0000 
 -7.9133   0.0000 
 -7.9079   0.0000 
 -7.9025   0.0000 
 -7.8971   0.0000 
 -7.8917   0.0000 
 -7.8862   0.0000 
 -7.8808   0.0000 
 -7.8754   0.0000 
 -7.8700   0.0000 
 -7.8646   0.0000 
 -7.8591   0.0000 
 -7.8537   0.0000 
 -7.8483   0.0000 
 -7.8429   0.0000 
 -7.8374   0.0000 
 -7.8320   0.0000 
 -7.8266   0.0000 
 -7.8212   0.0000 
 -7.8158   0.0000 
 -7.8103   0.0000 
 -7.8049   0.0000 
 -7.7995   0.0000 
 -7.7941   0.0000 
 -7.7887   0.0000 
 -7.7832   0.0000 
 -7.7778   0.0000 
 -7.7724   0.0000 
 -7.7670   0.0000 
 -7.7615   0.0000 
 -7.7561   0.0000 
 -7.7507   0.0000 
 -7.7453   0.0000 
 -7.7399   0.0000 
 -7.7344   0.0000 
 -7.7290   0.0000 
 -7.7236   0.0000 
 -7.7182   0.0000 
 -7.7128   0.0000 
 -7.7073   0.0000 
 -7.7019   0.0000 
 -7.6965   0.0000 
 -7.6911   0.0000 
 -7.6856   0.0000 
 -7.6802   0.0000 
 -7.6748   0.0000 
 -7.6694   0.0000 
 -7.6640   0.0000 
 -7.6585   0.0000 
 -7.6531   0.0000 
 -7.6477   0.0000 
 -7.6423   0.0000 
 -7.6369   0.0000 
 -7.6314   0.0000 
 -7.6260   0.0000 
 -7.6206   0.0000 
 -7.6152   0.0000 
 -7.6097   0.0000 
 -7.6043   0.0000 
 -7.5989   0.0000 
 -7.5935   0.0000 
 -7.5881   0.0000 
 -7.5826   0.0000 
 -7.5772   0.0000 
 -7.5718   0.0000 
 -7.5664   0.0000 
 -7.5610   0.0000 
 -7.5555   0.0000 
 -7.5501   0.0000 
 -7.5447   0.0000 
 -7.5393   0.0000 
 -7.5339   0.0000 
 -7.5284   0.0000 
 -7.5230   0.0000 
 -7.5176   0.0000 
 -7.5122   0.0000 
 -7.5067   0.0000 
 -7.5013   0.0000 
 -7.4959   0.0000 
 -7.4905   0.0000 
 -7.4851   0.0000 
 -7.4796   0.0000 
 -7.4742   0.0000 
 -7.4688   0.0000 
 -7.4634   0.0000 
 -7.4580   0.0000 
 -7.4525   0.0000 
 -7.4471   0.0000 
 -7.4417   0.0000 
 -7.4363   0.0000 
 -7.4308   0.0000 
 -7.4254   0.0000 
 -7.4200   0.0000 
 -7.4146   0.0000 
 -7.4092   0.0000 
 -7.4037   0.0000 
 -7.3983   0.0000 
 -7.3929   0.0000 
 -7.3875   0.0000 
 -7.3821   0.0000 
 -7.3766   0.0000 
 -7.3712   0.0000 
 -7.3658   0.0000 
 -7.3604   0.0000 
 -7.3549   0.0000 
 -7.3495   0.0000 
 -7.3441   0.0000 
 -7.3387   0.0000 
 -7.3333   0.0000 
 -7.3278   0.0000 
 -7.3224   0.0000 
 -7.3170   0.0000 
 -7.3116   0.0000 
 -7.3062   0.0000 
 -7.3007   0.0000 
 -7.2953   0.0000 
 -7.2899   0.0000 
 -7.2845   0.0000 
 -7.2790   0.0000 
 -7.2736   0.0000 
 -7.2682   0.0000 
 -7.2628   0.0000 
 -7.2574   0.0000 
 -7.2519   0.0000 
 -7.2465   0.0000 
 -7.2411   0.0000 
 -7.2357   0.0000 
 -7.2303   0.0000 
 -7.2248   0.0000 
 -7.2194   0.0000 
 -7.2140   0.0000 
 -7.2086   0.0000 
 -7.2031   0.0000 
 -7.1977   0.0000 
 -7.1923   0.0000 
 -7.1869   0.0000 
 -7.1815   0.0000 
 -7.1760   0.0000 
 -7.1706   0.0000 
 -7.1652   0.0000 
 -7.1598   0.0000 
 -7.1544   0.0000 
 -7.1489   0.0000 
 -7.1435   0.0000 
 -7.1381   0.0000 
 -7.1327   0.0000 
 -7.1273   0.0000 
 -7.1218   0.0000 
 -7.1164   0.0000 
 -7.1110   0.0000 
 -7.1056   0.0000 
 -7.1001   0.0000 
 -7.0947   0.0000 
 -7.0893   0.0000 
 -7.0839   0.0000 
 -7.0785   0.0000 
 -7.0730   0.0000 
 -7.0676   0.0000 
 -7.0622   0.0000 
 -7.0568   0.0000 
 -7.0514   0.0000 
 -7.0459   0.0000 
 -7.0405   0.0000 
 -7.0351   0.0000 
 -7.0297   0.0000 
 -7.0242   0.0000 
 -7.0188   0.0000 
 -7.0134   0.0000 
 -7.0080   0.0000 
 -7.0026   0.0000 
 -6.9971   0.0000 
 -6.9917   0.0000 
 -6.9863   0.0000 
 -6.9809   0.0000 
 -6.9755   0.0000 
 -6.9700   0.0000 
 -6.9646   0.0000 
 -6.9592   0.0000 
 -6.9538   0.0000 
 -6.9483   0.0000 
 -6.9429   0.0000 
 -6.9375   0.0000 
 -6.9321   0.0000 
 -6.9267   0.0000 
 -6.9212   0.0000 
 -6.9158   0.0000 
 -6.9104   0.0000 
 -6.9050   0.0000 
 -6.8996   0.0000 
 -6.8941   0.0000 
 -6.8887   0.0000 
 -6.8833   0.0000 
 -6.8779   0.0000 
 -6.8724   0.0000 
 -6.8670   0.0000 
 -6.8616   0.0000 
 -6.8562   0.0000 
 -6.8508   0.0000 
 -6.8453   0.0000 
 -6.8399   0.0000 
 -6.8345   0.0000 
 -6.8291   0.0000 
 -6.8237   0.0000 
 -6.8182   0.0000 
 -6.8128   0.0000 
 -6.8074   0.0000 
 -6.8020   0.0000 
 -6.7965   0.0000 
 -6.7911   0.0000 
 -6.7857   0.0000 
 -6.7803   0.0000 
 -6.7749   0.0000 
 -6.7694   0.0000 
 -6.7640   0.0000 
 -6.7586   0.0000 
 -6.7532   0.0000 
 -6.7478   0.0000 
 -6.7423   0.0000 
 -6.7369   0.0000 
 -6.7315   0.0000 
 -6.7261   0.0000 
 -6.7206   0.0000 
 -6.7152   0.0000 
 -6.7098   0.0000 
 -6.7044   0.0000 
 -6.6990   0.0000 
 -6.6935   0.0000 
 -6.6881   0.0000 
 -6.6827   0.0000 
 -6.6773   0.0000 
 -6.6719   0.0000 
 -6.6664   0.0000 
 -6.6610   0.0000 
 -6.6556   0.0000 
 -6.6502   0.0000 
 -6.6448   0.0000 
 -6.6393   0.0000 
 -6.6339   0.0000 
 -6.6285   0.0001 
 -6.6231   0.0001 
 -6.6176   0.0002 
 -6.6122   0.0003 
 -6.6068   0.0004 
 -6.6014   0.0007 
 -6.5960   0.0010 
 -6.5905   0.0014 
 -6.5851   0.0021 
 -6.5797   0.0030 
 -6.5743   0.0043 
 -6.5689   0.0061 
 -6.5634   0.0084 
 -6.5580   0.0116 
 -6.5526   0.0158 
 -6.5472   0.0213 
 -6.5417   0.0284 
 -6.5363   0.0374 
 -6.5309   0.0489 
 -6.5255   0.0631 
 -6.5201   0.0806 
 -6.5146   0.1020 
 -6.5092   0.1276 
 -6.5038   0.1581 
 -6.4984   0.1938 
 -6.4930   0.2352 
 -6.4875   0.2825 
 -6.4821   0.3359 
 -6.4767   0.3955 
 -6.4713   0.4611 
 -6.4658   0.5323 
 -6.4604   0.6086 
 -6.4550   0.6892 
 -6.4496   0.7730 
 -6.4442   0.8590 
 -6.4387   0.9458 
 -6.4333   1.0320 
 -6.4279   1.1161 
 -6.4225   1.1964 
 -6.4171   1.2717 
 -6.4116   1.3405 
 -6.4062   1.4016 
 -6.4008   1.4540 
 -6.3954   1.4971 
 -6.3899   1.5302 
 -6.3845   1.5533 
 -6.3791   1.5664 
 -6.3737   1.5699 
 -6.3683   1.5644 
 -6.3628   1.5506 
 -6.3574   1.5296 
 -6.3520   1.5024 
 -6.3466   1.4700 
 -6.3412   1.4337 
 -6.3357   1.3945 
 -6.3303   1.3535 
 -6.3249   1.3116 
 -6.3195   1.2696 
 -6.3140   1.2282 
 -6.3086   1.1880 
 -6.3032   1.1493 
 -6.2978   1.1126 
 -6.2924   1.0780 
 -6.2869   1.0456 
 -6.2815   1.0154 
 -6.2761   0.9874 
 -6.2707   0.9615 
 -6.2653   0.9376 
 -6.2598   0.9155 
 -6.2544   0.8952 
 -6.2490   0.8764 
 -6.2436   0.8590 
 -6.2382   0.8429 
 -6.2327   0.8279 
 -6.2273   0.8140 
 -6.2219   0.8011 
 -6.2165   0.7890 
 -6.2110   0.7777 
 -6.2056   0.7671 
 -6.2002   0.7571 
 -6.1948   0.7476 
 -6.1894   0.7385 
 -6.1839   0.7298 
 -6.1785   0.7215 
 -6.1731   0.7134 
 -6.1677   0.7056 
 -6.1623   0.6981 
 -6.1568   0.6909 
 -6.1514   0.6840 
 -6.1460   0.6773 
 -6.1406   0.6711 
 -6.1351   0.6652 
 -6.1297   0.6597 
 -6.1243   0.6545 
 -6.1189   0.6497 
 -6.1135   0.6451 
 -6.1080   0.6407 
 -6.1026   0.6364 
 -6.0972   0.6322 
 -6.0918   0.6279 
 -6.0864   0.6236 
 -6.0809   0.6192 
 -6.0755   0.6148 
 -6.0701   0.6102 
 -6.0647   0.6058 
 -6.0592   0.6014 
 -6.0538   0.5972 
 -6.0484   0.5933 
 -6.0430   0.5897 
 -6.0376   0.5866 
 -6.0321   0.5838 
 -6.0267   0.5814 
 -6.0213   0.5794 
 -6.0159   0.5776 
 -6.0105   0.5760 
 -6.0050   0.5744 
 -5.9996   0.5727 
 -5.9942   0.5710 
 -5.9888   0.5690 
 -5.9833   0.5669 
 -5.9779   0.5647 
 -5.9725   0.5626 
 -5.9671   0.5606 
 -5.9617   0.5590 
 -5.9562   0.5581 
 -5.9508   0.5581 
 -5.9454   0.5594 
 -5.9400   0.5622 
 -5.9346   0.5669 
 -5.9291   0.5737 
 -5.9237   0.5829 
 -5.9183   0.5949 
 -5.9129   0.6097 
 -5.9074   0.6277 
 -5.9020   0.6491 
 -5.8966   0.6741 
 -5.8912   0.7027 
 -5.8858   0.7350 
 -5.8803   0.7711 
 -5.8749   0.8108 
 -5.8695   0.8540 
 -5.8641   0.9004 
 -5.8587   0.9495 
 -5.8532   1.0008 
 -5.8478   1.0537 
 -5.8424   1.1073 
 -5.8370   1.1608 
 -5.8315   1.2132 
 -5.8261   1.2636 
 -5.8207   1.3111 
 -5.8153   1.3548 
 -5.8099   1.3940 
 -5.8044   1.4281 
 -5.7990   1.4568 
 -5.7936   1.4799 
 -5.7882   1.4976 
 -5.7828   1.5100 
 -5.7773   1.5180 
 -5.7719   1.5221 
 -5.7665   1.5236 
 -5.7611   1.5236 
 -5.7557   1.5233 
 -5.7502   1.5243 
 -5.7448   1.5279 
 -5.7394   1.5355 
 -5.7340   1.5486 
 -5.7285   1.5682 
 -5.7231   1.5954 
 -5.7177   1.6311 
 -5.7123   1.6758 
 -5.7069   1.7298 
 -5.7014   1.7930 
 -5.6960   1.8652 
 -5.6906   1.9458 
 -5.6852   2.0337 
 -5.6798   2.1279 
 -5.6743   2.2268 
 -5.6689   2.3290 
 -5.6635   2.4325 
 -5.6581   2.5357 
 -5.6526   2.6367 
 -5.6472   2.7336 
 -5.6418   2.8248 
 -5.6364   2.9088 
 -5.6310   2.9842 
 -5.6255   3.0501 
 -5.6201   3.1055 
 -5.6147   3.1501 
 -5.6093   3.1836 
 -5.6039   3.2061 
 -5.5984   3.2181 
 -5.5930   3.2201 
 -5.5876   3.2130 
 -5.5822   3.1980 
 -5.5767   3.1762 
 -5.5713   3.1490 
 -5.5659   3.1180 
 -5.5605   3.0845 
 -5.5551   3.0503 
 -5.5496   3.0168 
 -5.5442   2.9857 
 -5.5388   2.9584 
 -5.5334   2.9365 
 -5.5280   2.9210 
 -5.5225   2.9133 
 -5.5171   2.9142 
 -5.5117   2.9245 
 -5.5063   2.9444 
 -5.5008   2.9741 
 -5.4954   3.0132 
 -5.4900   3.0611 
 -5.4846   3.1168 
 -5.4792   3.1787 
 -5.4737   3.2452 
 -5.4683   3.3143 
 -5.4629   3.3838 
 -5.4575   3.4516 
 -5.4521   3.5153 
 -5.4466   3.5730 
 -5.4412   3.6227 
 -5.4358   3.6631 
 -5.4304   3.6928 
 -5.4249   3.7112 
 -5.4195   3.7182 
 -5.4141   3.7138 
 -5.4087   3.6989 
 -5.4033   3.6743 
 -5.3978   3.6415 
 -5.3924   3.6019 
 -5.3870   3.5571 
 -5.3816   3.5088 
 -5.3762   3.4586 
 -5.3707   3.4079 
 -5.3653   3.3578 
 -5.3599   3.3095 
 -5.3545   3.2635 
 -5.3491   3.2202 
 -5.3436   3.1800 
 -5.3382   3.1425 
 -5.3328   3.1077 
 -5.3274   3.0751 
 -5.3219   3.0442 
 -5.3165   3.0145 
 -5.3111   2.9854 
 -5.3057   2.9566 
 -5.3003   2.9277 
 -5.2948   2.8985 
 -5.2894   2.8689 
 -5.2840   2.8392 
 -5.2786   2.8096 
 -5.2732   2.7804 
 -5.2677   2.7525 
 -5.2623   2.7263 
 -5.2569   2.7026 
 -5.2515   2.6823 
 -5.2460   2.6660 
 -5.2406   2.6544 
 -5.2352   2.6481 
 -5.2298   2.6475 
 -5.2244   2.6531 
 -5.2189   2.6648 
 -5.2135   2.6827 
 -5.2081   2.7065 
 -5.2027   2.7360 
 -5.1973   2.7706 
 -5.1918   2.8098 
 -5.1864   2.8528 
 -5.1810   2.8989 
 -5.1756   2.9473 
 -5.1701   2.9970 
 -5.1647   3.0474 
 -5.1593   3.0975 
 -5.1539   3.1465 
 -5.1485   3.1939 
 -5.1430   3.2388 
 -5.1376   3.2807 
 -5.1322   3.3193 
 -5.1268   3.3540 
 -5.1214   3.3847 
 -5.1159   3.4112 
 -5.1105   3.4333 
 -5.1051   3.4510 
 -5.0997   3.4644 
 -5.0942   3.4736 
 -5.0888   3.4785 
 -5.0834   3.4794 
 -5.0780   3.4762 
 -5.0726   3.4690 
 -5.0671   3.4578 
 -5.0617   3.4426 
 -5.0563   3.4235 
 -5.0509   3.4004 
 -5.0455   3.3733 
 -5.0400   3.3424 
 -5.0346   3.3078 
 -5.0292   3.2698 
 -5.0238   3.2288 
 -5.0183   3.1852 
 -5.0129   3.1397 
 -5.0075   3.0929 
 -5.0021   3.0455 
 -4.9967   2.9983 
 -4.9912   2.9522 
 -4.9858   2.9078 
 -4.9804   2.8658 
 -4.9750   2.8267 
 -4.9696   2.7908 
 -4.9641   2.7583 
 -4.9587   2.7292 
 -4.9533   2.7032 
 -4.9479   2.6798 
 -4.9424   2.6584 
 -4.9370   2.6382 
 -4.9316   2.6182 
 -4.9262   2.5976 
 -4.9208   2.5752 
 -4.9153   2.5503 
 -4.9099   2.5220 
 -4.9045   2.4897 
 -4.8991   2.4530 
 -4.8937   2.4117 
 -4.8882   2.3659 
 -4.8828   2.3160 
 -4.8774   2.2627 
 -4.8720   2.2069 
 -4.8666   2.1496 
 -4.8611   2.0923 
 -4.8557   2.0364 
 -4.8503   1.9834 
 -4.8449   1.9350 
 -4.8394   1.8927 
 -4.8340   1.8582 
 -4.8286   1.8328 
 -4.8232   1.8180 
 -4.8178   1.8150 
 -4.8123   1.8250 
 -4.8069   1.8490 
 -4.8015   1.8876 
 -4.7961   1.9416 
 -4.7907   2.0113 
 -4.7852   2.0968 
 -4.7798   2.1981 
 -4.7744   2.3148 
 -4.7690   2.4460 
 -4.7635   2.5908 
 -4.7581   2.7477 
 -4.7527   2.9147 
 -4.7473   3.0898 
 -4.7419   3.2702 
 -4.7364   3.4531 
 -4.7310   3.6352 
 -4.7256   3.8132 
 -4.7202   3.9835 
 -4.7148   4.1427 
 -4.7093   4.2874 
 -4.7039   4.4145 
 -4.6985   4.5213 
 -4.6931   4.6057 
 -4.6876   4.6659 
 -4.6822   4.7009 
 -4.6768   4.7105 
 -4.6714   4.6950 
 -4.6660   4.6555 
 -4.6605   4.5938 
 -4.6551   4.5119 
 -4.6497   4.4126 
 -4.6443   4.2990 
 -4.6389   4.1741 
 -4.6334   4.0413 
 -4.6280   3.9036 
 -4.6226   3.7642 
 -4.6172   3.6257 
 -4.6117   3.4905 
 -4.6063   3.3605 
 -4.6009   3.2371 
 -4.5955   3.1214 
 -4.5901   3.0140 
 -4.5846   2.9152 
 -4.5792   2.8247 
 -4.5738   2.7422 
 -4.5684   2.6670 
 -4.5630   2.5984 
 -4.5575   2.5356 
 -4.5521   2.4777 
 -4.5467   2.4240 
 -4.5413   2.3738 
 -4.5358   2.3266 
 -4.5304   2.2820 
 -4.5250   2.2398 
 -4.5196   2.2000 
 -4.5142   2.1629 
 -4.5087   2.1288 
 -4.5033   2.0981 
 -4.4979   2.0716 
 -4.4925   2.0500 
 -4.4871   2.0342 
 -4.4816   2.0250 
 -4.4762   2.0234 
 -4.4708   2.0302 
 -4.4654   2.0462 
 -4.4600   2.0721 
 -4.4545   2.1084 
 -4.4491   2.1553 
 -4.4437   2.2129 
 -4.4383   2.2809 
 -4.4328   2.3587 
 -4.4274   2.4454 
 -4.4220   2.5400 
 -4.4166   2.6408 
 -4.4112   2.7463 
 -4.4057   2.8543 
 -4.4003   2.9629 
 -4.3949   3.0699 
 -4.3895   3.1731 
 -4.3841   3.2705 
 -4.3786   3.3602 
 -4.3732   3.4405 
 -4.3678   3.5100 
 -4.3624   3.5677 
 -4.3569   3.6131 
 -4.3515   3.6458 
 -4.3461   3.6660 
 -4.3407   3.6741 
 -4.3353   3.6711 
 -4.3298   3.6580 
 -4.3244   3.6360 
 -4.3190   3.6064 
 -4.3136   3.5708 
 -4.3082   3.5304 
 -4.3027   3.4865 
 -4.2973   3.4403 
 -4.2919   3.3927 
 -4.2865   3.3445 
 -4.2810   3.2962 
 -4.2756   3.2480 
 -4.2702   3.2000 
 -4.2648   3.1520 
 -4.2594   3.1038 
 -4.2539   3.0549 
 -4.2485   3.0048 
 -4.2431   2.9530 
 -4.2377   2.8991 
 -4.2323   2.8426 
 -4.2268   2.7834 
 -4.2214   2.7213 
 -4.2160   2.6564 
 -4.2106   2.5892 
 -4.2051   2.5202 
 -4.1997   2.4502 
 -4.1943   2.3803 
 -4.1889   2.3115 
 -4.1835   2.2452 
 -4.1780   2.1828 
 -4.1726   2.1258 
 -4.1672   2.0755 
 -4.1618   2.0334 
 -4.1564   2.0007 
 -4.1509   1.9784 
 -4.1455   1.9676 
 -4.1401   1.9689 
 -4.1347   1.9829 
 -4.1292   2.0097 
 -4.1238   2.0494 
 -4.1184   2.1018 
 -4.1130   2.1664 
 -4.1076   2.2425 
 -4.1021   2.3291 
 -4.0967   2.4251 
 -4.0913   2.5290 
 -4.0859   2.6394 
 -4.0805   2.7545 
 -4.0750   2.8724 
 -4.0696   2.9910 
 -4.0642   3.1082 
 -4.0588   3.2219 
 -4.0533   3.3297 
 -4.0479   3.4296 
 -4.0425   3.5194 
 -4.0371   3.5973 
 -4.0317   3.6616 
 -4.0262   3.7108 
 -4.0208   3.7438 
 -4.0154   3.7599 
 -4.0100   3.7588 
 -4.0046   3.7406 
 -3.9991   3.7058 
 -3.9937   3.6553 
 -3.9883   3.5906 
 -3.9829   3.5133 
 -3.9775   3.4256 
 -3.9720   3.3298 
 -3.9666   3.2284 
 -3.9612   3.1242 
 -3.9558   3.0198 
 -3.9503   2.9180 
 -3.9449   2.8213 
 -3.9395   2.7320 
 -3.9341   2.6524 
 -3.9287   2.5840 
 -3.9232   2.5283 
 -3.9178   2.4861 
 -3.9124   2.4580 
 -3.9070   2.4439 
 -3.9016   2.4433 
 -3.8961   2.4554 
 -3.8907   2.4787 
 -3.8853   2.5119 
 -3.8799   2.5528 
 -3.8744   2.5995 
 -3.8690   2.6496 
 -3.8636   2.7010 
 -3.8582   2.7514 
 -3.8528   2.7985 
 -3.8473   2.8405 
 -3.8419   2.8755 
 -3.8365   2.9019 
 -3.8311   2.9186 
 -3.8257   2.9247 
 -3.8202   2.9196 
 -3.8148   2.9033 
 -3.8094   2.8759 
 -3.8040   2.8382 
 -3.7985   2.7908 
 -3.7931   2.7352 
 -3.7877   2.6728 
 -3.7823   2.6052 
 -3.7769   2.5342 
 -3.7714   2.4617 
 -3.7660   2.3894 
 -3.7606   2.3192 
 -3.7552   2.2526 
 -3.7498   2.1910 
 -3.7443   2.1354 
 -3.7389   2.0869 
 -3.7335   2.0460 
 -3.7281   2.0130 
 -3.7226   1.9879 
 -3.7172   1.9705 
 -3.7118   1.9605 
 -3.7064   1.9574 
 -3.7010   1.9603 
 -3.6955   1.9687 
 -3.6901   1.9818 
 -3.6847   1.9987 
 -3.6793   2.0189 
 -3.6739   2.0414 
 -3.6684   2.0657 
 -3.6630   2.0912 
 -3.6576   2.1174 
 -3.6522   2.1436 
 -3.6467   2.1696 
 -3.6413   2.1948 
 -3.6359   2.2190 
 -3.6305   2.2420 
 -3.6251   2.2634 
 -3.6196   2.2831 
 -3.6142   2.3011 
 -3.6088   2.3173 
 -3.6034   2.3317 
 -3.5980   2.3446 
 -3.5925   2.3561 
 -3.5871   2.3665 
 -3.5817   2.3762 
 -3.5763   2.3857 
 -3.5709   2.3954 
 -3.5654   2.4059 
 -3.5600   2.4177 
 -3.5546   2.4313 
 -3.5492   2.4474 
 -3.5437   2.4663 
 -3.5383   2.4884 
 -3.5329   2.5140 
 -3.5275   2.5432 
 -3.5221   2.5761 
 -3.5166   2.6125 
 -3.5112   2.6522 
 -3.5058   2.6946 
 -3.5004   2.7393 
 -3.4950   2.7856 
 -3.4895   2.8326 
 -3.4841   2.8798 
 -3.4787   2.9261 
 -3.4733   2.9710 
 -3.4678   3.0137 
 -3.4624   3.0537 
 -3.4570   3.0906 
 -3.4516   3.1244 
 -3.4462   3.1551 
 -3.4407   3.1831 
 -3.4353   3.2087 
 -3.4299   3.2329 
 -3.4245   3.2566 
 -3.4191   3.2808 
 -3.4136   3.3066 
 -3.4082   3.3353 
 -3.4028   3.3681 
 -3.3974   3.4058 
 -3.3919   3.4495 
 -3.3865   3.4998 
 -3.3811   3.5572 
 -3.3757   3.6221 
 -3.3703   3.6945 
 -3.3648   3.7743 
 -3.3594   3.8612 
 -3.3540   3.9548 
 -3.3486   4.0546 
 -3.3432   4.1601 
 -3.3377   4.2709 
 -3.3323   4.3863 
 -3.3269   4.5060 
 -3.3215   4.6295 
 -3.3160   4.7565 
 -3.3106   4.8863 
 -3.3052   5.0187 
 -3.2998   5.1528 
 -3.2944   5.2880 
 -3.2889   5.4230 
 -3.2835   5.5567 
 -3.2781   5.6873 
 -3.2727   5.8129 
 -3.2673   5.9312 
 -3.2618   6.0398 
 -3.2564   6.1362 
 -3.2510   6.2176 
 -3.2456   6.2816 
 -3.2401   6.3259 
 -3.2347   6.3485 
 -3.2293   6.3482 
 -3.2239   6.3240 
 -3.2185   6.2759 
 -3.2130   6.2045 
 -3.2076   6.1110 
 -3.2022   5.9976 
 -3.1968   5.8668 
 -3.1914   5.7218 
 -3.1859   5.5658 
 -3.1805   5.4027 
 -3.1751   5.2359 
 -3.1697   5.0691 
 -3.1642   4.9055 
 -3.1588   4.7480 
 -3.1534   4.5992 
 -3.1480   4.4609 
 -3.1426   4.3348 
 -3.1371   4.2218 
 -3.1317   4.1225 
 -3.1263   4.0373 
 -3.1209   3.9659 
 -3.1155   3.9080 
 -3.1100   3.8632 
 -3.1046   3.8308 
 -3.0992   3.8100 
 -3.0938   3.8000 
 -3.0884   3.8000 
 -3.0829   3.8090 
 -3.0775   3.8259 
 -3.0721   3.8496 
 -3.0667   3.8786 
 -3.0612   3.9114 
 -3.0558   3.9463 
 -3.0504   3.9815 
 -3.0450   4.0150 
 -3.0396   4.0447 
 -3.0341   4.0685 
 -3.0287   4.0845 
 -3.0233   4.0909 
 -3.0179   4.0863 
 -3.0125   4.0695 
 -3.0070   4.0397 
 -3.0016   3.9968 
 -2.9962   3.9411 
 -2.9908   3.8732 
 -2.9853   3.7946 
 -2.9799   3.7066 
 -2.9745   3.6113 
 -2.9691   3.5109 
 -2.9637   3.4075 
 -2.9582   3.3034 
 -2.9528   3.2008 
 -2.9474   3.1017 
 -2.9420   3.0078 
 -2.9366   2.9206 
 -2.9311   2.8412 
 -2.9257   2.7704 
 -2.9203   2.7088 
 -2.9149   2.6566 
 -2.9094   2.6138 
 -2.9040   2.5801 
 -2.8986   2.5554 
 -2.8932   2.5392 
 -2.8878   2.5310 
 -2.8823   2.5306 
 -2.8769   2.5376 
 -2.8715   2.5518 
 -2.8661   2.5731 
 -2.8607   2.6015 
 -2.8552   2.6371 
 -2.8498   2.6803 
 -2.8444   2.7314 
 -2.8390   2.7910 
 -2.8335   2.8595 
 -2.8281   2.9376 
 -2.8227   3.0260 
 -2.8173   3.1250 
 -2.8119   3.2353 
 -2.8064   3.3572 
 -2.8010   3.4907 
 -2.7956   3.6358 
 -2.7902   3.7921 
 -2.7848   3.9587 
 -2.7793   4.1346 
 -2.7739   4.3183 
 -2.7685   4.5077 
 -2.7631   4.7006 
 -2.7576   4.8942 
 -2.7522   5.0856 
 -2.7468   5.2715 
 -2.7414   5.4487 
 -2.7360   5.6138 
 -2.7305   5.7636 
 -2.7251   5.8950 
 -2.7197   6.0052 
 -2.7143   6.0922 
 -2.7089   6.1542 
 -2.7034   6.1900 
 -2.6980   6.1993 
 -2.6926   6.1823 
 -2.6872   6.1399 
 -2.6818   6.0737 
 -2.6763   5.9856 
 -2.6709   5.8783 
 -2.6655   5.7547 
 -2.6601   5.6179 
 -2.6546   5.4711 
 -2.6492   5.3174 
 -2.6438   5.1600 
 -2.6384   5.0014 
 -2.6330   4.8442 
 -2.6275   4.6902 
 -2.6221   4.5410 
 -2.6167   4.3977 
 -2.6113   4.2608 
 -2.6059   4.1308 
 -2.6004   4.0075 
 -2.5950   3.8906 
 -2.5896   3.7798 
 -2.5842   3.6745 
 -2.5787   3.5741 
 -2.5733   3.4783 
 -2.5679   3.3866 
 -2.5625   3.2989 
 -2.5571   3.2151 
 -2.5516   3.1353 
 -2.5462   3.0595 
 -2.5408   2.9882 
 -2.5354   2.9216 
 -2.5300   2.8599 
 -2.5245   2.8035 
 -2.5191   2.7523 
 -2.5137   2.7066 
 -2.5083   2.6661 
 -2.5028   2.6306 
 -2.4974   2.5997 
 -2.4920   2.5729 
 -2.4866   2.5495 
 -2.4812   2.5291 
 -2.4757   2.5108 
 -2.4703   2.4940 
 -2.4649   2.4781 
 -2.4595   2.4628 
 -2.4541   2.4475 
 -2.4486   2.4320 
 -2.4432   2.4163 
 -2.4378   2.4004 
 -2.4324   2.3844 
 -2.4269   2.3687 
 -2.4215   2.3536 
 -2.4161   2.3394 
 -2.4107   2.3266 
 -2.4053   2.3156 
 -2.3998   2.3066 
 -2.3944   2.3000 
 -2.3890   2.2957 
 -2.3836   2.2939 
 -2.3782   2.2943 
 -2.3727   2.2968 
 -2.3673   2.3009 
 -2.3619   2.3062 
 -2.3565   2.3122 
 -2.3510   2.3185 
 -2.3456   2.3246 
 -2.3402   2.3302 
 -2.3348   2.3351 
 -2.3294   2.3392 
 -2.3239   2.3428 
 -2.3185   2.3461 
 -2.3131   2.3498 
 -2.3077   2.3546 
 -2.3023   2.3615 
 -2.2968   2.3713 
 -2.2914   2.3853 
 -2.2860   2.4046 
 -2.2806   2.4302 
 -2.2751   2.4632 
 -2.2697   2.5043 
 -2.2643   2.5543 
 -2.2589   2.6137 
 -2.2535   2.6828 
 -2.2480   2.7614 
 -2.2426   2.8494 
 -2.2372   2.9463 
 -2.2318   3.0514 
 -2.2264   3.1637 
 -2.2209   3.2820 
 -2.2155   3.4052 
 -2.2101   3.5319 
 -2.2047   3.6606 
 -2.1993   3.7898 
 -2.1938   3.9183 
 -2.1884   4.0448 
 -2.1830   4.1681 
 -2.1776   4.2875 
 -2.1721   4.4022 
 -2.1667   4.5118 
 -2.1613   4.6163 
 -2.1559   4.7158 
 -2.1505   4.8106 
 -2.1450   4.9011 
 -2.1396   4.9880 
 -2.1342   5.0720 
 -2.1288   5.1535 
 -2.1234   5.2330 
 -2.1179   5.3109 
 -2.1125   5.3870 
 -2.1071   5.4610 
 -2.1017   5.5323 
 -2.0962   5.5999 
 -2.0908   5.6625 
 -2.0854   5.7185 
 -2.0800   5.7663 
 -2.0746   5.8041 
 -2.0691   5.8302 
 -2.0637   5.8429 
 -2.0583   5.8411 
 -2.0529   5.8237 
 -2.0475   5.7904 
 -2.0420   5.7413 
 -2.0366   5.6770 
 -2.0312   5.5989 
 -2.0258   5.5087 
 -2.0203   5.4087 
 -2.0149   5.3016 
 -2.0095   5.1905 
 -2.0041   5.0784 
 -1.9987   4.9685 
 -1.9932   4.8638 
 -1.9878   4.7673 
 -1.9824   4.6812 
 -1.9770   4.6075 
 -1.9716   4.5476 
 -1.9661   4.5024 
 -1.9607   4.4719 
 -1.9553   4.4557 
 -1.9499   4.4527 
 -1.9444   4.4612 
 -1.9390   4.4792 
 -1.9336   4.5042 
 -1.9282   4.5334 
 -1.9228   4.5641 
 -1.9173   4.5934 
 -1.9119   4.6187 
 -1.9065   4.6376 
 -1.9011   4.6480 
 -1.8957   4.6485 
 -1.8902   4.6382 
 -1.8848   4.6164 
 -1.8794   4.5835 
 -1.8740   4.5400 
 -1.8685   4.4870 
 -1.8631   4.4260 
 -1.8577   4.3587 
 -1.8523   4.2871 
 -1.8469   4.2131 
 -1.8414   4.1387 
 -1.8360   4.0655 
 -1.8306   3.9951 
 -1.8252   3.9288 
 -1.8198   3.8676 
 -1.8143   3.8122 
 -1.8089   3.7628 
 -1.8035   3.7197 
 -1.7981   3.6827 
 -1.7927   3.6514 
 -1.7872   3.6256 
 -1.7818   3.6047 
 -1.7764   3.5884 
 -1.7710   3.5762 
 -1.7655   3.5679 
 -1.7601   3.5633 
 -1.7547   3.5625 
 -1.7493   3.5656 
 -1.7439   3.5730 
 -1.7384   3.5851 
 -1.7330   3.6024 
 -1.7276   3.6257 
 -1.7222   3.6554 
 -1.7168   3.6923 
 -1.7113   3.7368 
 -1.7059   3.7894 
 -1.7005   3.8504 
 -1.6951   3.9196 
 -1.6896   3.9971 
 -1.6842   4.0823 
 -1.6788   4.1747 
 -1.6734   4.2734 
 -1.6680   4.3774 
 -1.6625   4.4854 
 -1.6571   4.5962 
 -1.6517   4.7082 
 -1.6463   4.8201 
 -1.6409   4.9302 
 -1.6354   5.0371 
 -1.6300   5.1392 
 -1.6246   5.2350 
 -1.6192   5.3229 
 -1.6137   5.4015 
 -1.6083   5.4694 
 -1.6029   5.5252 
 -1.5975   5.5676 
 -1.5921   5.5955 
 -1.5866   5.6078 
 -1.5812   5.6037 
 -1.5758   5.5826 
 -1.5704   5.5442 
 -1.5650   5.4885 
 -1.5595   5.4158 
 -1.5541   5.3268 
 -1.5487   5.2225 
 -1.5433   5.1045 
 -1.5378   4.9743 
 -1.5324   4.8340 
 -1.5270   4.6858 
 -1.5216   4.5321 
 -1.5162   4.3751 
 -1.5107   4.2174 
 -1.5053   4.0613 
 -1.4999   3.9089 
 -1.4945   3.7623 
 -1.4891   3.6231 
 -1.4836   3.4928 
 -1.4782   3.3726 
 -1.4728   3.2634 
 -1.4674   3.1657 
 -1.4619   3.0799 
 -1.4565   3.0059 
 -1.4511   2.9437 
 -1.4457   2.8928 
 -1.4403   2.8528 
 -1.4348   2.8231 
 -1.4294   2.8029 
 -1.4240   2.7916 
 -1.4186   2.7884 
 -1.4132   2.7925 
 -1.4077   2.8033 
 -1.4023   2.8200 
 -1.3969   2.8419 
 -1.3915   2.8685 
 -1.3860   2.8990 
 -1.3806   2.9330 
 -1.3752   2.9699 
 -1.3698   3.0092 
 -1.3644   3.0504 
 -1.3589   3.0931 
 -1.3535   3.1369 
 -1.3481   3.1814 
 -1.3427   3.2262 
 -1.3373   3.2710 
 -1.3318   3.3155 
 -1.3264   3.3595 
 -1.3210   3.4025 
 -1.3156   3.4444 
 -1.3102   3.4848 
 -1.3047   3.5233 
 -1.2993   3.5597 
 -1.2939   3.5936 
 -1.2885   3.6246 
 -1.2830   3.6523 
 -1.2776   3.6761 
 -1.2722   3.6957 
 -1.2668   3.7104 
 -1.2614   3.7199 
 -1.2559   3.7236 
 -1.2505   3.7210 
 -1.2451   3.7117 
 -1.2397   3.6953 
 -1.2343   3.6715 
 -1.2288   3.6402 
 -1.2234   3.6012 
 -1.2180   3.5546 
 -1.2126   3.5010 
 -1.2071   3.4406 
 -1.2017   3.3742 
 -1.1963   3.3028 
 -1.1909   3.2276 
 -1.1855   3.1497 
 -1.1800   3.0706 
 -1.1746   2.9920 
 -1.1692   2.9155 
 -1.1638   2.8426 
 -1.1584   2.7750 
 -1.1529   2.7142 
 -1.1475   2.6616 
 -1.1421   2.6182 
 -1.1367   2.5851 
 -1.1312   2.5629 
 -1.1258   2.5519 
 -1.1204   2.5523 
 -1.1150   2.5637 
 -1.1096   2.5858 
 -1.1041   2.6176 
 -1.0987   2.6582 
 -1.0933   2.7063 
 -1.0879   2.7605 
 -1.0825   2.8192 
 -1.0770   2.8810 
 -1.0716   2.9441 
 -1.0662   3.0071 
 -1.0608   3.0686 
 -1.0553   3.1272 
 -1.0499   3.1819 
 -1.0445   3.2318 
 -1.0391   3.2764 
 -1.0337   3.3153 
 -1.0282   3.3484 
 -1.0228   3.3758 
 -1.0174   3.3977 
 -1.0120   3.4146 
 -1.0066   3.4270 
 -1.0011   3.4355 
 -0.9957   3.4408 
 -0.9903   3.4434 
 -0.9849   3.4438 
 -0.9794   3.4426 
 -0.9740   3.4401 
 -0.9686   3.4367 
 -0.9632   3.4327 
 -0.9578   3.4282 
 -0.9523   3.4233 
 -0.9469   3.4183 
 -0.9415   3.4132 
 -0.9361   3.4081 
 -0.9307   3.4032 
 -0.9252   3.3984 
 -0.9198   3.3940 
 -0.9144   3.3899 
 -0.9090   3.3860 
 -0.9036   3.3824 
 -0.8981   3.3788 
 -0.8927   3.3751 
 -0.8873   3.3709 
 -0.8819   3.3657 
 -0.8764   3.3593 
 -0.8710   3.3510 
 -0.8656   3.3403 
 -0.8602   3.3269 
 -0.8548   3.3103 
 -0.8493   3.2903 
 -0.8439   3.2666 
 -0.8385   3.2393 
 -0.8331   3.2085 
 -0.8277   3.1743 
 -0.8222   3.1374 
 -0.8168   3.0980 
 -0.8114   3.0569 
 -0.8060   3.0146 
 -0.8005   2.9719 
 -0.7951   2.9294 
 -0.7897   2.8878 
 -0.7843   2.8476 
 -0.7789   2.8093 
 -0.7734   2.7734 
 -0.7680   2.7402 
 -0.7626   2.7100 
 -0.7572   2.6829 
 -0.7518   2.6589 
 -0.7463   2.6381 
 -0.7409   2.6203 
 -0.7355   2.6053 
 -0.7301   2.5928 
 -0.7246   2.5825 
 -0.7192   2.5740 
 -0.7138   2.5666 
 -0.7084   2.5601 
 -0.7030   2.5538 
 -0.6975   2.5473 
 -0.6921   2.5401 
 -0.6867   2.5319 
 -0.6813   2.5226 
 -0.6759   2.5119 
 -0.6704   2.5001 
 -0.6650   2.4872 
 -0.6596   2.4738 
 -0.6542   2.4602 
 -0.6487   2.4471 
 -0.6433   2.4353 
 -0.6379   2.4253 
 -0.6325   2.4181 
 -0.6271   2.4142 
 -0.6216   2.4142 
 -0.6162   2.4185 
 -0.6108   2.4273 
 -0.6054   2.4408 
 -0.6000   2.4589 
 -0.5945   2.4811 
 -0.5891   2.5071 
 -0.5837   2.5361 
 -0.5783   2.5675 
 -0.5728   2.6005 
 -0.5674   2.6342 
 -0.5620   2.6680 
 -0.5566   2.7009 
 -0.5512   2.7325 
 -0.5457   2.7621 
 -0.5403   2.7893 
 -0.5349   2.8139 
 -0.5295   2.8357 
 -0.5241   2.8547 
 -0.5186   2.8709 
 -0.5132   2.8846 
 -0.5078   2.8959 
 -0.5024   2.9052 
 -0.4969   2.9127 
 -0.4915   2.9190 
 -0.4861   2.9243 
 -0.4807   2.9291 
 -0.4753   2.9338 
 -0.4698   2.9388 
 -0.4644   2.9446 
 -0.4590   2.9517 
 -0.4536   2.9604 
 -0.4482   2.9713 
 -0.4427   2.9847 
 -0.4373   3.0011 
 -0.4319   3.0208 
 -0.4265   3.0442 
 -0.4211   3.0717 
 -0.4156   3.1034 
 -0.4102   3.1397 
 -0.4048   3.1806 
 -0.3994   3.2262 
 -0.3939   3.2767 
 -0.3885   3.3318 
 -0.3831   3.3915 
 -0.3777   3.4554 
 -0.3723   3.5234 
 -0.3668   3.5948 
 -0.3614   3.6693 
 -0.3560   3.7462 
 -0.3506   3.8248 
 -0.3452   3.9044 
 -0.3397   3.9841 
 -0.3343   4.0632 
 -0.3289   4.1409 
 -0.3235   4.2164 
 -0.3180   4.2890 
 -0.3126   4.3582 
 -0.3072   4.4235 
 -0.3018   4.4844 
 -0.2964   4.5407 
 -0.2909   4.5922 
 -0.2855   4.6387 
 -0.2801   4.6800 
 -0.2747   4.7161 
 -0.2693   4.7467 
 -0.2638   4.7715 
 -0.2584   4.7900 
 -0.2530   4.8016 
 -0.2476   4.8059 
 -0.2421   4.8019 
 -0.2367   4.7891 
 -0.2313   4.7665 
 -0.2259   4.7337 
 -0.2205   4.6901 
 -0.2150   4.6355 
 -0.2096   4.5697 
 -0.2042   4.4931 
 -0.1988   4.4062 
 -0.1934   4.3099 
 -0.1879   4.2051 
 -0.1825   4.0931 
 -0.1771   3.9754 
 -0.1717   3.8534 
 -0.1662   3.7286 
 -0.1608   3.6023 
 -0.1554   3.4758 
 -0.1500   3.3503 
 -0.1446   3.2268 
 -0.1391   3.1059 
 -0.1337   2.9882 
 -0.1283   2.8743 
 -0.1229   2.7643 
 -0.1175   2.6584 
 -0.1120   2.5567 
 -0.1066   2.4594 
 -0.1012   2.3664 
 -0.0958   2.2779 
 -0.0903   2.1939 
 -0.0849   2.1146 
 -0.0795   2.0402 
 -0.0741   1.9707 
 -0.0687   1.9063 
 -0.0632   1.8472 
 -0.0578   1.7934 
 -0.0524   1.7451 
 -0.0470   1.7023 
 -0.0416   1.6649 
 -0.0361   1.6330 
 -0.0307   1.6065 
 -0.0253   1.5853 
 -0.0199   1.5693 
 -0.0145   1.5584 
 -0.0090   1.5525 
 -0.0036   1.5513 
  0.0018   1.5548 
  0.0072   1.5627 
  0.0127   1.5748 
  0.0181   1.5906 
  0.0235   1.6099 
  0.0289   1.6320 
  0.0343   1.6565 
  0.0398   1.6828 
  0.0452   1.7101 
  0.0506   1.7377 
  0.0560   1.7649 
  0.0614   1.7910 
  0.0669   1.8154 
  0.0723   1.8374 
  0.0777   1.8567 
  0.0831   1.8729 
  0.0886   1.8859 
  0.0940   1.8958 
  0.0994   1.9025 
  0.1048   1.9065 
  0.1102   1.9081 
  0.1157   1.9076 
  0.1211   1.9055 
  0.1265   1.9021 
  0.1319   1.8976 
  0.1373   1.8922 
  0.1428   1.8858 
  0.1482   1.8784 
  0.1536   1.8695 
  0.1590   1.8588 
  0.1645   1.8459 
  0.1699   1.8301 
  0.1753   1.8111 
  0.1807   1.7886 
  0.1861   1.7624 
  0.1916   1.7325 
  0.1970   1.6994 
  0.2024   1.6635 
  0.2078   1.6257 
  0.2132   1.5871 
  0.2187   1.5487 
  0.2241   1.5119 
  0.2295   1.4781 
  0.2349   1.4486 
  0.2404   1.4244 
  0.2458   1.4066 
  0.2512   1.3958 
  0.2566   1.3925 
  0.2620   1.3968 
  0.2675   1.4083 
  0.2729   1.4266 
  0.2783   1.4507 
  0.2837   1.4796 
  0.2891   1.5122 
  0.2946   1.5470 
  0.3000   1.5828 
  0.3054   1.6182 
  0.3108   1.6519 
  0.3163   1.6830 
  0.3217   1.7105 
  0.3271   1.7338 
  0.3325   1.7523 
  0.3379   1.7657 
  0.3434   1.7740 
  0.3488   1.7771 
  0.3542   1.7753 
  0.3596   1.7689 
  0.3650   1.7581 
  0.3705   1.7433 
  0.3759   1.7251 
  0.3813   1.7037 
  0.3867   1.6796 
  0.3922   1.6531 
  0.3976   1.6248 
  0.4030   1.5949 
  0.4084   1.5640 
  0.4138   1.5323 
  0.4193   1.5002 
  0.4247   1.4683 
  0.4301   1.4368 
  0.4355   1.4061 
  0.4409   1.3765 
  0.4464   1.3485 
  0.4518   1.3223 
  0.4572   1.2982 
  0.4626   1.2763 
  0.4680   1.2569 
  0.4735   1.2401 
  0.4789   1.2261 
  0.4843   1.2149 
  0.4897   1.2067 
  0.4952   1.2015 
  0.5006   1.1994 
  0.5060   1.2004 
  0.5114   1.2047 
  0.5168   1.2122 
  0.5223   1.2229 
  0.5277   1.2370 
  0.5331   1.2542 
  0.5385   1.2744 
  0.5439   1.2975 
  0.5494   1.3231 
  0.5548   1.3507 
  0.5602   1.3797 
  0.5656   1.4095 
  0.5711   1.4393 
  0.5765   1.4679 
  0.5819   1.4945 
  0.5873   1.5178 
  0.5927   1.5366 
  0.5982   1.5499 
  0.6036   1.5564 
  0.6090   1.5551 
  0.6144   1.5453 
  0.6198   1.5262 
  0.6253   1.4975 
  0.6307   1.4591 
  0.6361   1.4112 
  0.6415   1.3542 
  0.6470   1.2891 
  0.6524   1.2167 
  0.6578   1.1384 
  0.6632   1.0557 
  0.6686   0.9700 
  0.6741   0.8830 
  0.6795   0.7960 
  0.6849   0.7107 
  0.6903   0.6283 
  0.6957   0.5498 
  0.7012   0.4763 
  0.7066   0.4084 
  0.7120   0.3466 
  0.7174   0.2911 
  0.7229   0.2419 
  0.7283   0.1989 
  0.7337   0.1618 
  0.7391   0.1302 
  0.7445   0.1036 
  0.7500   0.0816 
  0.7554   0.0636 
  0.7608   0.0490 
  0.7662   0.0373 
  0.7716   0.0281 
  0.7771   0.0210 
  0.7825   0.0155 
  0.7879   0.0113 
  0.7933   0.0081 
  0.7988   0.0058 
  0.8042   0.0041 
  0.8096   0.0028 
  0.8150   0.0020 
  0.8204   0.0013 
  0.8259   0.0009 
  0.8313   0.0006 
  0.8367   0.0004 
  0.8421   0.0003 
  0.8475   0.0002 
  0.8530   0.0001 
  0.8584   0.0001 
  0.8638   0.0000 
  0.8692   0.0000 
  0.8746   0.0000 
  0.8801   0.0000 
  0.8855   0.0000 
  0.8909   0.0000 
  0.8963   0.0000 
  0.9018   0.0000 
  0.9072   0.0000 
  0.9126   0.0000 
  0.9180   0.0000 
  0.9234   0.0000 
  0.9289   0.0000 
  0.9343   0.0000 
  0.9397   0.0000 
  0.9451   0.0000 
  0.9505   0.0000 
  0.9560   0.0000 
  0.9614   0.0000 
  0.9668   0.0000 
  0.9722   0.0000 
  0.9777   0.0000 
  0.9831   0.0000 
  0.9885   0.0000 
  0.9939   0.0000 
  0.9993   0.0000 
  1.0048   0.0000 
  1.0102   0.0000 
  1.0156   0.0000 
  1.0210   0.0000 
  1.0264   0.0000 
  1.0319   0.0000 
  1.0373   0.0000 
  1.0427   0.0000 
  1.0481   0.0000 
  1.0536   0.0000 
  1.0590   0.0000 
  1.0644   0.0000 
  1.0698   0.0000 
  1.0752   0.0000 
  1.0807   0.0000 
  1.0861   0.0000 
  1.0915   0.0000 
  1.0969   0.0000 
  1.1023   0.0000 
  1.1078   0.0000 
  1.1132   0.0000 
  1.1186   0.0000 
  1.1240   0.0000 
  1.1295   0.0000 
  1.1349   0.0000 
  1.1403   0.0000 
  1.1457   0.0000 
  1.1511   0.0000 
  1.1566   0.0000 
  1.1620   0.0000 
  1.1674   0.0000 
  1.1728   0.0000 
  1.1782   0.0000 
  1.1837   0.0000 
  1.1891   0.0000 
  1.1945   0.0000 
  1.1999   0.0000 
  1.2054   0.0000 
  1.2108   0.0000 
  1.2162   0.0000 
  1.2216   0.0000 
  1.2270   0.0000 
  1.2325   0.0000 
  1.2379   0.0000 
  1.2433   0.0000 
  1.2487   0.0000 
  1.2541   0.0000 
  1.2596   0.0000 
  1.2650   0.0000 
  1.2704   0.0000 
  1.2758   0.0000 
  1.2813   0.0000 
  1.2867   0.0000 
  1.2921   0.0000 
  1.2975   0.0000 
  1.3029   0.0000 
  1.3084   0.0000 
  1.3138   0.0000 
  1.3192   0.0000 
  1.3246   0.0000 
  1.3300   0.0000 
  1.3355   0.0000 
  1.3409   0.0000 
  1.3463   0.0000 
  1.3517   0.0000 
  1.3571   0.0000 
  1.3626   0.0000 
  1.3680   0.0000 
  1.3734   0.0000 
  1.3788   0.0001 
  1.3843   0.0001 
  1.3897   0.0002 
  1.3951   0.0002 
  1.4005   0.0003 
  1.4059   0.0005 
  1.4114   0.0008 
  1.4168   0.0011 
  1.4222   0.0016 
  1.4276   0.0023 
  1.4330   0.0033 
  1.4385   0.0046 
  1.4439   0.0063 
  1.4493   0.0086 
  1.4547   0.0117 
  1.4602   0.0156 
  1.4656   0.0205 
  1.4710   0.0268 
  1.4764   0.0346 
  1.4818   0.0441 
  1.4873   0.0557 
  1.4927   0.0695 
  1.4981   0.0858 
  1.5035   0.1048 
  1.5089   0.1266 
  1.5144   0.1514 
  1.5198   0.1790 
  1.5252   0.2094 
  1.5306   0.2424 
  1.5361   0.2778 
  1.5415   0.3150 
  1.5469   0.3537 
  1.5523   0.3931 
  1.5577   0.4327 
  1.5632   0.4717 
  1.5686   0.5094 
  1.5740   0.5451 
  1.5794   0.5781 
  1.5848   0.6079 
  1.5903   0.6340 
  1.5957   0.6561 
  1.6011   0.6739 
  1.6065   0.6874 
  1.6120   0.6967 
  1.6174   0.7022 
  1.6228   0.7042 
  1.6282   0.7032 
  1.6336   0.6998 
  1.6391   0.6947 
  1.6445   0.6886 
  1.6499   0.6823 
  1.6553   0.6763 
  1.6607   0.6713 
  1.6662   0.6678 
  1.6716   0.6663 
  1.6770   0.6670 
  1.6824   0.6703 
  1.6879   0.6760 
  1.6933   0.6842 
  1.6987   0.6948 
  1.7041   0.7073 
  1.7095   0.7216 
  1.7150   0.7370 
  1.7204   0.7532 
  1.7258   0.7697 
  1.7312   0.7860 
  1.7366   0.8017 
  1.7421   0.8163 
  1.7475   0.8296 
  1.7529   0.8414 
  1.7583   0.8514 
  1.7637   0.8597 
  1.7692   0.8664 
  1.7746   0.8717 
  1.7800   0.8757 
  1.7854   0.8788 
  1.7909   0.8814 
  1.7963   0.8840 
  1.8017   0.8870 
  1.8071   0.8910 
  1.8125   0.8964 
  1.8180   0.9037 
  1.8234   0.9133 
  1.8288   0.9256 
  1.8342   0.9408 
  1.8396   0.9592 
  1.8451   0.9807 
  1.8505   1.0055 
  1.8559   1.0333 
  1.8613   1.0639 
  1.8668   1.0971 
  1.8722   1.1322 
  1.8776   1.1690 
  1.8830   1.2069 
  1.8884   1.2454 
  1.8939   1.2840 
  1.8993   1.3222 
  1.9047   1.3597 
  1.9101   1.3962 
  1.9155   1.4313 
  1.9210   1.4651 
  1.9264   1.4974 
  1.9318   1.5283 
  1.9372   1.5579 
  1.9427   1.5865 
  1.9481   1.6142 
  1.9535   1.6415 
  1.9589   1.6686 
  1.9643   1.6960 
  1.9698   1.7241 
  1.9752   1.7534 
  1.9806   1.7844 
  1.9860   1.8177 
  1.9914   1.8538 
  1.9969   1.8934 
  2.0023   1.9371 
  2.0077   1.9855 
  2.0131   2.0393 
  2.0186   2.0989 
  2.0240   2.1648 
  2.0294   2.2372 
  2.0348   2.3163 
  2.0402   2.4019 
  2.0457   2.4937 
  2.0511   2.5909 
  2.0565   2.6926 
  2.0619   2.7975 
  2.0673   2.9037 
  2.0728   3.0094 
  2.0782   3.1124 
  2.0836   3.2101 
  2.0890   3.3000 
  2.0945   3.3795 
  2.0999   3.4461 
  2.1053   3.4976 
  2.1107   3.5319 
  2.1161   3.5477 
  2.1216   3.5438 
  2.1270   3.5199 
  2.1324   3.4763 
  2.1378   3.4138 
  2.1432   3.3340 
  2.1487   3.2389 
  2.1541   3.1310 
  2.1595   3.0131 
  2.1649   2.8885 
  2.1704   2.7602 
  2.1758   2.6314 
  2.1812   2.5051 
  2.1866   2.3840 
  2.1920   2.2706 
  2.1975   2.1668 
  2.2029   2.0742 
  2.2083   1.9940 
  2.2137   1.9269 
  2.2191   1.8733 
  2.2246   1.8332 
  2.2300   1.8062 
  2.2354   1.7918 
  2.2408   1.7892 
  2.2462   1.7975 
  2.2517   1.8157 
  2.2571   1.8425 
  2.2625   1.8769 
  2.2679   1.9175 
  2.2734   1.9632 
  2.2788   2.0129 
  2.2842   2.0654 
  2.2896   2.1197 
  2.2950   2.1748 
  2.3005   2.2299 
  2.3059   2.2842 
  2.3113   2.3372 
  2.3167   2.3885 
  2.3221   2.4375 
  2.3276   2.4840 
  2.3330   2.5279 
  2.3384   2.5690 
  2.3438   2.6073 
  2.3493   2.6427 
  2.3547   2.6753 
  2.3601   2.7051 
  2.3655   2.7321 
  2.3709   2.7566 
  2.3764   2.7786 
  2.3818   2.7984 
  2.3872   2.8162 
  2.3926   2.8324 
  2.3980   2.8475 
  2.4035   2.8620 
  2.4089   2.8764 
  2.4143   2.8915 
  2.4197   2.9080 
  2.4252   2.9266 
  2.4306   2.9479 
  2.4360   2.9725 
  2.4414   3.0010 
  2.4468   3.0338 
  2.4523   3.0710 
  2.4577   3.1128 
  2.4631   3.1591 
  2.4685   3.2097 
  2.4739   3.2643 
  2.4794   3.3224 
  2.4848   3.3837 
  2.4902   3.4478 
  2.4956   3.5141 
  2.5011   3.5826 
  2.5065   3.6528 
  2.5119   3.7248 
  2.5173   3.7986 
  2.5227   3.8743 
  2.5282   3.9521 
  2.5336   4.0321 
  2.5390   4.1148 
  2.5444   4.2002 
  2.5498   4.2885 
  2.5553   4.3797 
  2.5607   4.4735 
  2.5661   4.5697 
  2.5715   4.6677 
  2.5770   4.7669 
  2.5824   4.8663 
  2.5878   4.9650 
  2.5932   5.0620 
  2.5986   5.1562 
  2.6041   5.2465 
  2.6095   5.3320 
  2.6149   5.4119 
  2.6203   5.4854 
  2.6257   5.5523 
  2.6312   5.6122 
  2.6366   5.6652 
  2.6420   5.7115 
  2.6474   5.7515 
  2.6528   5.7857 
  2.6583   5.8148 
  2.6637   5.8394 
  2.6691   5.8601 
  2.6745   5.8773 
  2.6800   5.8916 
  2.6854   5.9031 
  2.6908   5.9120 
  2.6962   5.9184 
  2.7016   5.9223 
  2.7071   5.9237 
  2.7125   5.9226 
  2.7179   5.9193 
  2.7233   5.9143 
  2.7287   5.9081 
  2.7342   5.9017 
  2.7396   5.8965 
  2.7450   5.8939 
  2.7504   5.8958 
  2.7559   5.9041 
  2.7613   5.9208 
  2.7667   5.9482 
  2.7721   5.9880 
  2.7775   6.0422 
  2.7830   6.1120 
  2.7884   6.1987 
  2.7938   6.3028 
  2.7992   6.4245 
  2.8046   6.5634 
  2.8101   6.7186 
  2.8155   6.8887 
  2.8209   7.0719 
  2.8263   7.2657 
  2.8318   7.4677 
  2.8372   7.6748 
  2.8426   7.8839 
  2.8480   8.0915 
  2.8534   8.2943 
  2.8589   8.4887 
  2.8643   8.6712 
  2.8697   8.8386 
  2.8751   8.9875 
  2.8805   9.1151 
  2.8860   9.2189 
  2.8914   9.2965 
  2.8968   9.3464 
  2.9022   9.3674 
  2.9077   9.3591 
  2.9131   9.3216 
  2.9185   9.2557 
  2.9239   9.1628 
  2.9293   9.0450 
  2.9348   8.9048 
  2.9402   8.7451 
  2.9456   8.5692 
  2.9510   8.3805 
  2.9564   8.1825 
  2.9619   7.9784 
  2.9673   7.7716 
  2.9727   7.5648 
  2.9781   7.3605 
  2.9836   7.1611 
  2.9890   6.9681 
  2.9944   6.7830 
  2.9998   6.6070 
  3.0052   6.4408 
  3.0107   6.2852 
  3.0161   6.1406 
  3.0215   6.0074 
  3.0269   5.8861 
  3.0323   5.7770 
  3.0378   5.6804 
  3.0432   5.5965 
  3.0486   5.5255 
  3.0540   5.4675 
  3.0595   5.4224 
  3.0649   5.3897 
  3.0703   5.3688 
  3.0757   5.3588 
  3.0811   5.3584 
  3.0866   5.3661 
  3.0920   5.3801 
  3.0974   5.3982 
  3.1028   5.4182 
  3.1082   5.4379 
  3.1137   5.4548 
  3.1191   5.4667 
  3.1245   5.4715 
  3.1299   5.4676 
  3.1353   5.4534 
  3.1408   5.4280 
  3.1462   5.3909 
  3.1516   5.3421 
  3.1570   5.2820 
  3.1625   5.2114 
  3.1679   5.1317 
  3.1733   5.0444 
  3.1787   4.9513 
  3.1841   4.8545 
  3.1896   4.7558 
  3.1950   4.6572 
  3.2004   4.5605 
  3.2058   4.4673 
  3.2112   4.3790 
  3.2167   4.2966 
  3.2221   4.2208 
  3.2275   4.1523 
  3.2329   4.0912 
  3.2384   4.0376 
  3.2438   3.9911 
  3.2492   3.9515 
  3.2546   3.9182 
  3.2600   3.8907 
  3.2655   3.8684 
  3.2709   3.8505 
  3.2763   3.8364 
  3.2817   3.8257 
  3.2871   3.8177 
  3.2926   3.8120 
  3.2980   3.8085 
  3.3034   3.8068 
  3.3088   3.8069 
  3.3143   3.8088 
  3.3197   3.8128 
  3.3251   3.8191 
  3.3305   3.8279 
  3.3359   3.8396 
  3.3414   3.8542 
  3.3468   3.8720 
  3.3522   3.8929 
  3.3576   3.9166 
  3.3630   3.9427 
  3.3685   3.9703 
  3.3739   3.9986 
  3.3793   4.0263 
  3.3847   4.0522 
  3.3902   4.0747 
  3.3956   4.0925 
  3.4010   4.1041 
  3.4064   4.1082 
  3.4118   4.1039 
  3.4173   4.0903 
  3.4227   4.0671 
  3.4281   4.0340 
  3.4335   3.9915 
  3.4389   3.9400 
  3.4444   3.8804 
  3.4498   3.8137 
  3.4552   3.7413 
  3.4606   3.6644 
  3.4661   3.5845 
  3.4715   3.5028 
  3.4769   3.4207 
  3.4823   3.3392 
  3.4877   3.2597 
  3.4932   3.1829 
  3.4986   3.1098 
  3.5040   3.0412 
  3.5094   2.9778 
  3.5148   2.9202 
  3.5203   2.8691 
  3.5257   2.8252 
  3.5311   2.7890 
  3.5365   2.7612 
  3.5419   2.7423 
  3.5474   2.7328 
  3.5528   2.7330 
  3.5582   2.7434 
  3.5636   2.7639 
  3.5691   2.7946 
  3.5745   2.8351 
  3.5799   2.8849 
  3.5853   2.9433 
  3.5907   3.0091 
  3.5962   3.0811 
  3.6016   3.1578 
  3.6070   3.2376 
  3.6124   3.3186 
  3.6178   3.3990 
  3.6233   3.4771 
  3.6287   3.5512 
  3.6341   3.6199 
  3.6395   3.6820 
  3.6450   3.7368 
  3.6504   3.7837 
  3.6558   3.8228 
  3.6612   3.8545 
  3.6666   3.8798 
  3.6721   3.8997 
  3.6775   3.9159 
  3.6829   3.9299 
  3.6883   3.9435 
  3.6937   3.9585 
  3.6992   3.9764 
  3.7046   3.9986 
  3.7100   4.0262 
  3.7154   4.0598 
  3.7209   4.0997 
  3.7263   4.1457 
  3.7317   4.1974 
  3.7371   4.2539 
  3.7425   4.3139 
  3.7480   4.3762 
  3.7534   4.4393 
  3.7588   4.5015 
  3.7642   4.5612 
  3.7696   4.6171 
  3.7751   4.6677 
  3.7805   4.7117 
  3.7859   4.7481 
  3.7913   4.7759 
  3.7968   4.7944 
  3.8022   4.8030 
  3.8076   4.8011 
  3.8130   4.7887 
  3.8184   4.7654 
  3.8239   4.7315 
  3.8293   4.6871 
  3.8347   4.6329 
  3.8401   4.5694 
  3.8455   4.4976 
  3.8510   4.4187 
  3.8564   4.3341 
  3.8618   4.2454 
  3.8672   4.1543 
  3.8727   4.0628 
  3.8781   3.9727 
  3.8835   3.8859 
  3.8889   3.8042 
  3.8943   3.7292 
  3.8998   3.6623 
  3.9052   3.6046 
  3.9106   3.5569 
  3.9160   3.5195 
  3.9214   3.4926 
  3.9269   3.4758 
  3.9323   3.4686 
  3.9377   3.4701 
  3.9431   3.4793 
  3.9486   3.4948 
  3.9540   3.5156 
  3.9594   3.5403 
  3.9648   3.5676 
  3.9702   3.5965 
  3.9757   3.6260 
  3.9811   3.6554 
  3.9865   3.6839 
  3.9919   3.7112 
  3.9973   3.7370 
  4.0028   3.7609 
  4.0082   3.7828 
  4.0136   3.8026 
  4.0190   3.8200 
  4.0244   3.8346 
  4.0299   3.8462 
  4.0353   3.8541 
  4.0407   3.8579 
  4.0461   3.8569 
  4.0516   3.8505 
  4.0570   3.8379 
  4.0624   3.8188 
  4.0678   3.7926 
  4.0732   3.7591 
  4.0787   3.7184 
  4.0841   3.6706 
  4.0895   3.6162 
  4.0949   3.5558 
  4.1003   3.4902 
  4.1058   3.4205 
  4.1112   3.3476 
  4.1166   3.2726 
  4.1220   3.1965 
  4.1275   3.1201 
  4.1329   3.0442 
  4.1383   2.9694 
  4.1437   2.8960 
  4.1491   2.8241 
  4.1546   2.7539 
  4.1600   2.6852 
  4.1654   2.6178 
  4.1708   2.5514 
  4.1762   2.4857 
  4.1817   2.4207 
  4.1871   2.3562 
  4.1925   2.2923 
  4.1979   2.2291 
  4.2034   2.1671 
  4.2088   2.1066 
  4.2142   2.0482 
  4.2196   1.9928 
  4.2250   1.9409 
  4.2305   1.8932 
  4.2359   1.8504 
  4.2413   1.8129 
  4.2467   1.7812 
  4.2521   1.7555 
  4.2576   1.7357 
  4.2630   1.7216 
  4.2684   1.7130 
  4.2738   1.7091 
  4.2793   1.7094 
  4.2847   1.7130 
  4.2901   1.7191 
  4.2955   1.7266 
  4.3009   1.7348 
  4.3064   1.7428 
  4.3118   1.7497 
  4.3172   1.7549 
  4.3226   1.7580 
  4.3280   1.7585 
  4.3335   1.7563 
  4.3389   1.7513 
  4.3443   1.7437 
  4.3497   1.7338 
  4.3552   1.7221 
  4.3606   1.7092 
  4.3660   1.6956 
  4.3714   1.6820 
  4.3768   1.6692 
  4.3823   1.6579 
  4.3877   1.6487 
  4.3931   1.6422 
  4.3985   1.6388 
  4.4039   1.6389 
  4.4094   1.6428 
  4.4148   1.6505 
  4.4202   1.6620 
  4.4256   1.6774 
  4.4310   1.6964 
  4.4365   1.7188 
  4.4419   1.7443 
  4.4473   1.7728 
  4.4527   1.8038 
  4.4582   1.8373 
  4.4636   1.8730 
  4.4690   1.9108 
  4.4744   1.9504 
  4.4798   1.9920 
  4.4853   2.0353 
  4.4907   2.0804 
  4.4961   2.1273 
  4.5015   2.1760 
  4.5069   2.2265 
  4.5124   2.2787 
  4.5178   2.3326 
  4.5232   2.3879 
  4.5286   2.4444 
  4.5341   2.5019 
  4.5395   2.5600 
  4.5449   2.6183 
  4.5503   2.6764 
  4.5557   2.7336 
  4.5612   2.7897 
  4.5666   2.8440 
  4.5720   2.8961 
  4.5774   2.9456 
  4.5828   2.9920 
  4.5883   3.0350 
  4.5937   3.0743 
  4.5991   3.1096 
  4.6045   3.1408 
  4.6100   3.1675 
  4.6154   3.1895 
  4.6208   3.2067 
  4.6262   3.2188 
  4.6316   3.2256 
  4.6371   3.2270 
  4.6425   3.2227 
  4.6479   3.2128 
  4.6533   3.1970 
  4.6587   3.1756 
  4.6642   3.1486 
  4.6696   3.1163 
  4.6750   3.0791 
  4.6804   3.0374 
  4.6859   2.9916 
  4.6913   2.9424 
  4.6967   2.8903 
  4.7021   2.8358 
  4.7075   2.7795 
  4.7130   2.7216 
  4.7184   2.6627 
  4.7238   2.6028 
  4.7292   2.5422 
  4.7346   2.4809 
  4.7401   2.4191 
  4.7455   2.3567 
  4.7509   2.2939 
  4.7563   2.2308 
  4.7618   2.1676 
  4.7672   2.1046 
  4.7726   2.0421 
  4.7780   1.9808 
  4.7834   1.9212 
  4.7889   1.8639 
  4.7943   1.8097 
  4.7997   1.7591 
  4.8051   1.7129 
  4.8105   1.6717 
  4.8160   1.6359 
  4.8214   1.6058 
  4.8268   1.5817 
  4.8322   1.5634 
  4.8377   1.5510 
  4.8431   1.5438 
  4.8485   1.5415 
  4.8539   1.5432 
  4.8593   1.5481 
  4.8648   1.5551 
  4.8702   1.5631 
  4.8756   1.5710 
  4.8810   1.5778 
  4.8864   1.5821 
  4.8919   1.5831 
  4.8973   1.5798 
  4.9027   1.5716 
  4.9081   1.5579 
  4.9135   1.5384 
  4.9190   1.5130 
  4.9244   1.4819 
  4.9298   1.4455 
  4.9352   1.4043 
  4.9407   1.3590 
  4.9461   1.3105 
  4.9515   1.2597 
  4.9569   1.2075 
  4.9623   1.1549 
  4.9678   1.1028 
  4.9732   1.0520 
  4.9786   1.0033 
  4.9840   0.9573 
  4.9894   0.9145 
  4.9949   0.8751 
  5.0003   0.8396 
  5.0057   0.8079 
  5.0111   0.7801 
  5.0166   0.7561 
  5.0220   0.7357 
  5.0274   0.7187 
  5.0328   0.7049 
  5.0382   0.6939 
  5.0437   0.6855 
  5.0491   0.6793 
  5.0545   0.6750 
  5.0599   0.6724 
  5.0653   0.6711 
  5.0708   0.6710 
  5.0762   0.6719 
  5.0816   0.6735 
  5.0870   0.6758 
  5.0925   0.6786 
  5.0979   0.6819 
  5.1033   0.6857 
  5.1087   0.6900 
  5.1141   0.6948 
  5.1196   0.7001 
  5.1250   0.7062 
  5.1304   0.7130 
  5.1358   0.7207 
  5.1412   0.7296 
  5.1467   0.7399 
  5.1521   0.7517 
  5.1575   0.7655 
  5.1629   0.7814 
  5.1684   0.8000 
  5.1738   0.8215 
  5.1792   0.8464 
  5.1846   0.8751 
  5.1900   0.9080 
  5.1955   0.9454 
  5.2009   0.9876 
  5.2063   1.0350 
  5.2117   1.0876 
  5.2171   1.1454 
  5.2226   1.2083 
  5.2280   1.2761 
  5.2334   1.3481 
  5.2388   1.4238 
  5.2443   1.5023 
  5.2497   1.5826 
  5.2551   1.6636 
  5.2605   1.7438 
  5.2659   1.8220 
  5.2714   1.8967 
  5.2768   1.9665 
  5.2822   2.0301 
  5.2876   2.0861 
  5.2930   2.1337 
  5.2985   2.1719 
  5.3039   2.2003 
  5.3093   2.2185 
  5.3147   2.2267 
  5.3201   2.2252 
  5.3256   2.2147 
  5.3310   2.1963 
  5.3364   2.1712 
  5.3418   2.1407 
  5.3473   2.1065 
  5.3527   2.0701 
  5.3581   2.0331 
  5.3635   1.9970 
  5.3689   1.9632 
  5.3744   1.9328 
  5.3798   1.9069 
  5.3852   1.8861 
  5.3906   1.8707 
  5.3960   1.8610 
  5.4015   1.8569 
  5.4069   1.8580 
  5.4123   1.8639 
  5.4177   1.8740 
  5.4232   1.8877 
  5.4286   1.9042 
  5.4340   1.9230 
  5.4394   1.9436 
  5.4448   1.9655 
  5.4503   1.9885 
  5.4557   2.0124 
  5.4611   2.0372 
  5.4665   2.0631 
  5.4719   2.0901 
  5.4774   2.1184 
  5.4828   2.1482 
  5.4882   2.1795 
  5.4936   2.2122 
  5.4991   2.2460 
  5.5045   2.2803 
  5.5099   2.3146 
  5.5153   2.3477 
  5.5207   2.3787 
  5.5262   2.4062 
  5.5316   2.4289 
  5.5370   2.4454 
  5.5424   2.4544 
  5.5478   2.4547 
  5.5533   2.4455 
  5.5587   2.4261 
  5.5641   2.3962 
  5.5695   2.3558 
  5.5750   2.3054 
  5.5804   2.2457 
  5.5858   2.1777 
  5.5912   2.1029 
  5.5966   2.0226 
  5.6021   1.9384 
  5.6075   1.8521 
  5.6129   1.7650 
  5.6183   1.6787 
  5.6237   1.5945 
  5.6292   1.5135 
  5.6346   1.4366 
  5.6400   1.3644 
  5.6454   1.2974 
  5.6509   1.2360 
  5.6563   1.1803 
  5.6617   1.1302 
  5.6671   1.0857 
  5.6725   1.0465 
  5.6780   1.0125 
  5.6834   0.9833 
  5.6888   0.9586 
  5.6942   0.9380 
  5.6996   0.9211 
  5.7051   0.9074 
  5.7105   0.8966 
  5.7159   0.8880 
  5.7213   0.8814 
  5.7268   0.8762 
  5.7322   0.8719 
  5.7376   0.8683 
  5.7430   0.8650 
  5.7484   0.8616 
  5.7539   0.8581 
  5.7593   0.8542 
  5.7647   0.8499 
  5.7701   0.8453 
  5.7755   0.8402 
  5.7810   0.8349 
  5.7864   0.8293 
  5.7918   0.8236 
  5.7972   0.8178 
  5.8026   0.8118 
  5.8081   0.8057 
  5.8135   0.7995 
  5.8189   0.7931 
  5.8243   0.7864 
  5.8298   0.7793 
  5.8352   0.7719 
  5.8406   0.7641 
  5.8460   0.7561 
  5.8514   0.7478 
  5.8569   0.7396 
  5.8623   0.7315 
  5.8677   0.7240 
  5.8731   0.7171 
  5.8785   0.7112 
  5.8840   0.7065 
  5.8894   0.7032 
  5.8948   0.7012 
  5.9002   0.7007 
  5.9057   0.7014 
  5.9111   0.7033 
  5.9165   0.7061 
  5.9219   0.7094 
  5.9273   0.7130 
  5.9328   0.7165 
  5.9382   0.7197 
  5.9436   0.7223 
  5.9490   0.7242 
  5.9544   0.7253 
  5.9599   0.7257 
  5.9653   0.7256 
  5.9707   0.7252 
  5.9761   0.7248 
  5.9816   0.7248 
  5.9870   0.7258 
  5.9924   0.7281 
  5.9978   0.7323 
  6.0032   0.7388 
  6.0087   0.7481 
  6.0141   0.7606 
  6.0195   0.7767 
  6.0249   0.7968 
  6.0303   0.8211 
  6.0358   0.8498 
  6.0412   0.8831 
  6.0466   0.9210 
  6.0520   0.9635 
  6.0575   1.0104 
  6.0629   1.0615 
  6.0683   1.1165 
  6.0737   1.1749 
  6.0791   1.2361 
  6.0846   1.2994 
  6.0900   1.3640 
  6.0954   1.4290 
  6.1008   1.4935 
  6.1062   1.5563 
  6.1117   1.6166 
  6.1171   1.6733 
  6.1225   1.7254 
  6.1279   1.7721 
  6.1334   1.8125 
  6.1388   1.8461 
  6.1442   1.8723 
  6.1496   1.8911 
  6.1550   1.9022 
  6.1605   1.9060 
  6.1659   1.9028 
  6.1713   1.8933 
  6.1767   1.8781 
  6.1821   1.8583 
  6.1876   1.8348 
  6.1930   1.8087 
  6.1984   1.7812 
  6.2038   1.7533 
  6.2092   1.7261 
  6.2147   1.7004 
  6.2201   1.6771 
  6.2255   1.6569 
  6.2309   1.6402 
  6.2364   1.6274 
  6.2418   1.6189 
  6.2472   1.6147 
  6.2526   1.6148 
  6.2580   1.6193 
  6.2635   1.6280 
  6.2689   1.6409 
  6.2743   1.6577 
  6.2797   1.6782 
  6.2851   1.7023 
  6.2906   1.7297 
  6.2960   1.7601 
  6.3014   1.7931 
  6.3068   1.8284 
  6.3123   1.8655 
  6.3177   1.9040 
  6.3231   1.9432 
  6.3285   1.9826 
  6.3339   2.0214 
  6.3394   2.0591 
  6.3448   2.0950 
  6.3502   2.1285 
  6.3556   2.1589 
  6.3610   2.1858 
  6.3665   2.2086 
  6.3719   2.2269 
  6.3773   2.2406 
  6.3827   2.2493 
  6.3882   2.2531 
  6.3936   2.2520 
  6.3990   2.2460 
  6.4044   2.2356 
  6.4098   2.2210 
  6.4153   2.2027 
  6.4207   2.1812 
  6.4261   2.1571 
  6.4315   2.1312 
  6.4369   2.1041 
  6.4424   2.0765 
  6.4478   2.0492 
  6.4532   2.0227 
  6.4586   1.9978 
  6.4641   1.9749 
  6.4695   1.9545 
  6.4749   1.9369 
  6.4803   1.9221 
  6.4857   1.9104 
  6.4912   1.9015 
  6.4966   1.8952 
  6.5020   1.8914 
  6.5074   1.8895 
  6.5128   1.8892 
  6.5183   1.8900 
  6.5237   1.8915 
  6.5291   1.8932 
  6.5345   1.8948 
  6.5400   1.8960 
  6.5454   1.8966 
  6.5508   1.8965 
  6.5562   1.8956 
  6.5616   1.8942 
  6.5671   1.8924 
  6.5725   1.8906 
  6.5779   1.8889 
  6.5833   1.8879 
  6.5887   1.8880 
  6.5942   1.8895 
  6.5996   1.8929 
  6.6050   1.8985 
  6.6104   1.9065 
  6.6159   1.9169 
  6.6213   1.9298 
  6.6267   1.9449 
  6.6321   1.9619 
  6.6375   1.9803 
  6.6430   1.9994 
  6.6484   2.0185 
  6.6538   2.0367 
  6.6592   2.0531 
  6.6646   2.0669 
  6.6701   2.0772 
  6.6755   2.0832 
  6.6809   2.0845 
  6.6863   2.0807 
  6.6917   2.0716 
  6.6972   2.0573 
  6.7026   2.0382 
  6.7080   2.0148 
  6.7134   1.9880 
  6.7189   1.9587 
  6.7243   1.9279 
  6.7297   1.8970 
  6.7351   1.8671 
  6.7405   1.8393 
  6.7460   1.8147 
  6.7514   1.7943 
  6.7568   1.7788 
  6.7622   1.7689 
  6.7676   1.7648 
  6.7731   1.7667 
  6.7785   1.7744 
  6.7839   1.7877 
  6.7893   1.8061 
  6.7948   1.8288 
  6.8002   1.8550 
  6.8056   1.8838 
  6.8110   1.9143 
  6.8164   1.9453 
  6.8219   1.9760 
  6.8273   2.0054 
  6.8327   2.0326 
  6.8381   2.0569 
  6.8435   2.0777 
  6.8490   2.0946 
  6.8544   2.1072 
  6.8598   2.1154 
  6.8652   2.1191 
  6.8707   2.1187 
  6.8761   2.1141 
  6.8815   2.1059 
  6.8869   2.0944 
  6.8923   2.0801 
  6.8978   2.0634 
  6.9032   2.0448 
  6.9086   2.0248 
  6.9140   2.0038 
  6.9194   1.9821 
  6.9249   1.9603 
  6.9303   1.9385 
  6.9357   1.9172 
  6.9411   1.8967 
  6.9466   1.8774 
  6.9520   1.8596 
  6.9574   1.8437 
  6.9628   1.8302 
  6.9682   1.8195 
  6.9737   1.8121 
  6.9791   1.8085 
  6.9845   1.8092 
  6.9899   1.8145 
  6.9953   1.8247 
  7.0008   1.8401 
  7.0062   1.8608 
  7.0116   1.8865 
  7.0170   1.9171 
  7.0225   1.9519 
  7.0279   1.9903 
  7.0333   2.0314 
  7.0387   2.0741 
  7.0441   2.1172 
  7.0496   2.1596 
  7.0550   2.1999 
  7.0604   2.2368 
  7.0658   2.2691 
  7.0712   2.2958 
  7.0767   2.3160 
  7.0821   2.3290 
  7.0875   2.3344 
  7.0929   2.3320 
  7.0983   2.3218 
  7.1038   2.3044 
  7.1092   2.2801 
  7.1146   2.2500 
  7.1200   2.2149 
  7.1255   2.1760 
  7.1309   2.1343 
  7.1363   2.0911 
  7.1417   2.0474 
  7.1471   2.0042 
  7.1526   1.9623 
  7.1580   1.9224 
  7.1634   1.8850 
  7.1688   1.8504 
  7.1742   1.8185 
  7.1797   1.7894 
  7.1851   1.7629 
  7.1905   1.7385 
  7.1959   1.7160 
  7.2014   1.6950 
  7.2068   1.6752 
  7.2122   1.6565 
  7.2176   1.6386 
  7.2230   1.6217 
  7.2285   1.6058 
  7.2339   1.5915 
  7.2393   1.5790 
  7.2447   1.5688 
  7.2501   1.5617 
  7.2556   1.5582 
  7.2610   1.5589 
  7.2664   1.5642 
  7.2718   1.5747 
  7.2773   1.5905 
  7.2827   1.6118 
  7.2881   1.6385 
  7.2935   1.6704 
  7.2989   1.7071 
  7.3044   1.7478 
  7.3098   1.7920 
  7.3152   1.8388 
  7.3206   1.8872 
  7.3260   1.9362 
  7.3315   1.9849 
  7.3369   2.0323 
  7.3423   2.0775 
  7.3477   2.1198 
  7.3532   2.1585 
  7.3586   2.1932 
  7.3640   2.2235 
  7.3694   2.2495 
  7.3748   2.2711 
  7.3803   2.2887 
  7.3857   2.3027 
  7.3911   2.3139 
  7.3965   2.3230 
  7.4019   2.3309 
  7.4074   2.3385 
  7.4128   2.3466 
  7.4182   2.3562 
  7.4236   2.3681 
  7.4291   2.3828 
  7.4345   2.4009 
  7.4399   2.4227 
  7.4453   2.4481 
  7.4507   2.4772 
  7.4562   2.5095 
  7.4616   2.5446 
  7.4670   2.5818 
  7.4724   2.6203 
  7.4778   2.6595 
  7.4833   2.6983 
  7.4887   2.7359 
  7.4941   2.7714 
  7.4995   2.8040 
  7.5050   2.8331 
  7.5104   2.8579 
  7.5158   2.8778 
  7.5212   2.8923 
  7.5266   2.9012 
  7.5321   2.9040 
  7.5375   2.9005 
  7.5429   2.8907 
  7.5483   2.8746 
  7.5537   2.8521 
  7.5592   2.8236 
  7.5646   2.7892 
  7.5700   2.7494 
  7.5754   2.7046 
  7.5808   2.6554 
  7.5863   2.6025 
  7.5917   2.5465 
  7.5971   2.4881 
  7.6025   2.4282 
  7.6080   2.3674 
  7.6134   2.3064 
  7.6188   2.2459 
  7.6242   2.1866 
  7.6296   2.1289 
  7.6351   2.0735 
  7.6405   2.0207 
  7.6459   1.9711 
  7.6513   1.9250 
  7.6567   1.8830 
  7.6622   1.8454 
  7.6676   1.8129 
  7.6730   1.7858 
  7.6784   1.7647 
  7.6839   1.7501 
  7.6893   1.7424 
  7.6947   1.7420 
  7.7001   1.7491 
  7.7055   1.7638 
  7.7110   1.7859 
  7.7164   1.8152 
  7.7218   1.8509 
  7.7272   1.8924 
  7.7326   1.9386 
  7.7381   1.9882 
  7.7435   2.0402 
  7.7489   2.0929 
  7.7543   2.1452 
  7.7598   2.1957 
  7.7652   2.2433 
  7.7706   2.2871 
  7.7760   2.3264 
  7.7814   2.3607 
  7.7869   2.3898 
  7.7923   2.4139 
  7.7977   2.4331 
  7.8031   2.4481 
  7.8085   2.4593 
  7.8140   2.4674 
  7.8194   2.4731 
  7.8248   2.4770 
  7.8302   2.4796 
  7.8357   2.4814 
  7.8411   2.4827 
  7.8465   2.4838 
  7.8519   2.4848 
  7.8573   2.4857 
  7.8628   2.4867 
  7.8682   2.4877 
  7.8736   2.4889 
  7.8790   2.4902 
  7.8844   2.4919 
  7.8899   2.4942 
  7.8953   2.4974 
  7.9007   2.5017 
  7.9061   2.5075 
  7.9116   2.5150 
  7.9170   2.5243 
  7.9224   2.5357 
  7.9278   2.5490 
  7.9332   2.5641 
  7.9387   2.5807 
  7.9441   2.5984 
  7.9495   2.6168 
  7.9549   2.6352 
  7.9603   2.6531 
  7.9658   2.6700 
  7.9712   2.6853 
  7.9766   2.6988 
  7.9820   2.7100 
  7.9874   2.7189 
  7.9929   2.7256 
  7.9983   2.7302 
  8.0037   2.7331 
  8.0091   2.7347 
  8.0146   2.7356 
  8.0200   2.7364 
  8.0254   2.7377 
  8.0308   2.7400 
  8.0362   2.7439 
  8.0417   2.7499 
  8.0471   2.7584 
  8.0525   2.7694 
  8.0579   2.7831 
  8.0633   2.7995 
  8.0688   2.8184 
  8.0742   2.8393 
  8.0796   2.8620 
  8.0850   2.8858 
  8.0905   2.9102 
  8.0959   2.9345 
  8.1013   2.9582 
  8.1067   2.9807 
  8.1121   3.0013 
  8.1176   3.0197 
  8.1230   3.0354 
  8.1284   3.0482 
  8.1338   3.0579 
  8.1392   3.0646 
  8.1447   3.0683 
  8.1501   3.0693 
  8.1555   3.0680 
  8.1609   3.0647 
  8.1664   3.0601 
  8.1718   3.0546 
  8.1772   3.0488 
  8.1826   3.0434 
  8.1880   3.0388 
  8.1935   3.0354 
  8.1989   3.0337 
  8.2043   3.0339 
  8.2097   3.0361 
  8.2151   3.0402 
  8.2206   3.0461 
  8.2260   3.0536 
  8.2314   3.0620 
  8.2368   3.0710 
  8.2423   3.0798 
  8.2477   3.0877 
  8.2531   3.0940 
  8.2585   3.0981 
  8.2639   3.0991 
  8.2694   3.0965 
  8.2748   3.0898 
  8.2802   3.0787 
  8.2856   3.0629 
  8.2910   3.0426 
  8.2965   3.0179 
  8.3019   2.9891 
  8.3073   2.9568 
  8.3127   2.9217 
  8.3182   2.8846 
  8.3236   2.8464 
  8.3290   2.8079 
  8.3344   2.7701 
  8.3398   2.7338 
  8.3453   2.6997 
  8.3507   2.6685 
  8.3561   2.6406 
  8.3615   2.6164 
  8.3669   2.5961 
  8.3724   2.5796 
  8.3778   2.5668 
  8.3832   2.5575 
  8.3886   2.5512 
  8.3941   2.5475 
  8.3995   2.5459 
  8.4049   2.5457 
  8.4103   2.5466 
  8.4157   2.5479 
  8.4212   2.5491 
  8.4266   2.5496 
  8.4320   2.5492 
  8.4374   2.5472 
  8.4428   2.5433 
  8.4483   2.5372 
  8.4537   2.5285 
  8.4591   2.5169 
  8.4645   2.5022 
  8.4699   2.4842 
  8.4754   2.4626 
  8.4808   2.4374 
  8.4862   2.4087 
  8.4916   2.3765 
  8.4971   2.3410 
  8.5025   2.3025 
  8.5079   2.2617 
  8.5133   2.2189 
  8.5187   2.1750 
  8.5242   2.1308 
  8.5296   2.0872 
  8.5350   2.0451 
  8.5404   2.0055 
  8.5458   1.9694 
  8.5513   1.9376 
  8.5567   1.9110 
  8.5621   1.8903 
  8.5675   1.8759 
  8.5730   1.8682 
  8.5784   1.8672 
  8.5838   1.8729 
  8.5892   1.8849 
  8.5946   1.9026 
  8.6001   1.9254 
  8.6055   1.9523 
  8.6109   1.9825 
  8.6163   2.0148 
  8.6217   2.0483 
  8.6272   2.0821 
  8.6326   2.1152 
  8.6380   2.1470 
  8.6434   2.1771 
  8.6489   2.2050 
  8.6543   2.2308 
  8.6597   2.2545 
  8.6651   2.2766 
  8.6705   2.2976 
  8.6760   2.3181 
  8.6814   2.3387 
  8.6868   2.3603 
  8.6922   2.3836 
  8.6976   2.4091 
  8.7031   2.4373 
  8.7085   2.4685 
  8.7139   2.5029 
  8.7193   2.5404 
  8.7248   2.5807 
  8.7302   2.6232 
  8.7356   2.6675 
  8.7410   2.7126 
  8.7464   2.7578 
  8.7519   2.8020 
  8.7573   2.8443 
  8.7627   2.8838 
  8.7681   2.9196 
  8.7735   2.9509 
  8.7790   2.9770 
  8.7844   2.9974 
  8.7898   3.0119 
  8.7952   3.0201 
  8.8007   3.0220 
  8.8061   3.0179 
  8.8115   3.0079 
  8.8169   2.9926 
  8.8223   2.9725 
  8.8278   2.9482 
  8.8332   2.9203 
  8.8386   2.8896 
  8.8440   2.8567 
  8.8494   2.8223 
  8.8549   2.7869 
  8.8603   2.7510 
  8.8657   2.7150 
  8.8711   2.6791 
  8.8765   2.6436 
  8.8820   2.6087 
  8.8874   2.5742 
  8.8928   2.5403 
  8.8982   2.5070 
  8.9037   2.4742 
  8.9091   2.4418 
  8.9145   2.4101 
  8.9199   2.3789 
  8.9253   2.3484 
  8.9308   2.3188 
  8.9362   2.2901 
  8.9416   2.2627 
  8.9470   2.2365 
  8.9524   2.2119 
  8.9579   2.1890 
  8.9633   2.1678 
  8.9687   2.1484 
  8.9741   2.1308 
  8.9796   2.1150 
  8.9850   2.1010 
  8.9904   2.0885 
  8.9958   2.0774 
  9.0012   2.0678 
  9.0067   2.0592 
  9.0121   2.0518 
  9.0175   2.0453 
  9.0229   2.0397 
  9.0283   2.0350 
  9.0338   2.0311 
  9.0392   2.0281 
  9.0446   2.0261 
  9.0500   2.0252 
  9.0555   2.0256 
  9.0609   2.0274 
  9.0663   2.0309 
  9.0717   2.0364 
  9.0771   2.0441 
  9.0826   2.0543 
  9.0880   2.0674 
  9.0934   2.0837 
  9.0988   2.1036 
  9.1042   2.1272 
  9.1097   2.1550 
  9.1151   2.1870 
  9.1205   2.2233 
  9.1259   2.2639 
  9.1314   2.3085 
  9.1368   2.3567 
  9.1422   2.4079 
  9.1476   2.4614 
  9.1530   2.5161 
  9.1585   2.5710 
  9.1639   2.6248 
  9.1693   2.6761 
  9.1747   2.7236 
  9.1801   2.7657 
  9.1856   2.8013 
  9.1910   2.8291 
  9.1964   2.8481 
  9.2018   2.8577 
  9.2073   2.8572 
  9.2127   2.8465 
  9.2181   2.8258 
  9.2235   2.7953 
  9.2289   2.7557 
  9.2344   2.7079 
  9.2398   2.6529 
  9.2452   2.5920 
  9.2506   2.5263 
  9.2560   2.4572 
  9.2615   2.3860 
  9.2669   2.3138 
  9.2723   2.2419 
  9.2777   2.1712 
  9.2832   2.1026 
  9.2886   2.0369 
  9.2940   1.9748 
  9.2994   1.9168 
  9.3048   1.8634 
  9.3103   1.8148 
  9.3157   1.7713 
  9.3211   1.7329 
  9.3265   1.6997 
  9.3319   1.6715 
  9.3374   1.6480 
  9.3428   1.6291 
  9.3482   1.6142 
  9.3536   1.6027 
  9.3590   1.5942 
  9.3645   1.5878 
  9.3699   1.5830 
  9.3753   1.5790 
  9.3807   1.5752 
  9.3862   1.5709 
  9.3916   1.5656 
  9.3970   1.5590 
  9.4024   1.5508 
  9.4078   1.5410 
  9.4133   1.5297 
  9.4187   1.5172 
  9.4241   1.5037 
  9.4295   1.4900 
  9.4349   1.4764 
  9.4404   1.4637 
  9.4458   1.4526 
  9.4512   1.4435 
  9.4566   1.4371 
  9.4621   1.4337 
  9.4675   1.4336 
  9.4729   1.4371 
  9.4783   1.4440 
  9.4837   1.4544 
  9.4892   1.4679 
  9.4946   1.4842 
  9.5000   1.5028 
  9.5054   1.5231 
  9.5108   1.5446 
  9.5163   1.5666 
  9.5217   1.5884 
  9.5271   1.6095 
  9.5325   1.6290 
  9.5380   1.6464 
  9.5434   1.6611 
  9.5488   1.6725 
  9.5542   1.6800 
  9.5596   1.6831 
  9.5651   1.6813 
  9.5705   1.6744 
  9.5759   1.6620 
  9.5813   1.6439 
  9.5867   1.6201 
  9.5922   1.5906 
  9.5976   1.5558 
  9.6030   1.5160 
  9.6084   1.4717 
  9.6139   1.4236 
  9.6193   1.3726 
  9.6247   1.3197 
  9.6301   1.2657 
  9.6355   1.2119 
  9.6410   1.1592 
  9.6464   1.1086 
  9.6518   1.0611 
  9.6572   1.0174 
  9.6626   0.9782 
  9.6681   0.9440 
  9.6735   0.9150 
  9.6789   0.8913 
  9.6843   0.8727 
  9.6898   0.8589 
  9.6952   0.8494 
  9.7006   0.8437 
  9.7060   0.8410 
  9.7114   0.8404 
  9.7169   0.8411 
  9.7223   0.8424 
  9.7277   0.8433 
  9.7331   0.8432 
  9.7385   0.8414 
  9.7440   0.8375 
  9.7494   0.8310 
  9.7548   0.8218 
  9.7602   0.8099 
  9.7656   0.7953 
  9.7711   0.7782 
  9.7765   0.7592 
  9.7819   0.7386 
  9.7873   0.7170 
  9.7928   0.6951 
  9.7982   0.6736 
  9.8036   0.6531 
  9.8090   0.6343 
  9.8144   0.6179 
  9.8199   0.6043 
  9.8253   0.5941 
  9.8307   0.5877 
  9.8361   0.5855 
  9.8415   0.5876 
  9.8470   0.5941 
  9.8524   0.6052 
  9.8578   0.6206 
  9.8632   0.6404 
  9.8687   0.6641 
  9.8741   0.6915 
  9.8795   0.7220 
  9.8849   0.7551 
  9.8903   0.7900 
  9.8958   0.8261 
  9.9012   0.8624 
  9.9066   0.8979 
  9.9120   0.9316 
  9.9174   0.9625 
  9.9229   0.9895 
  9.9283   1.0115 
  9.9337   1.0275 
  9.9391   1.0368 
  9.9446   1.0385 
  9.9500   1.0323 
  9.9554   1.0179 
  9.9608   0.9952 
  9.9662   0.9646 
  9.9717   0.9264 
  9.9771   0.8815 
  9.9825   0.8308 
  9.9879   0.7754 
  9.9933   0.7166 
  9.9988   0.6555 
 10.0042   0.5936 
 10.0096   0.5319 
 10.0150   0.4716 
 10.0205   0.4138 
 10.0259   0.3591 
 10.0313   0.3083 
 10.0367   0.2619 
 10.0421   0.2200 
 10.0476   0.1827 
 10.0530   0.1501 
 10.0584   0.1220 
 10.0638   0.0980 
 10.0692   0.0779 
 10.0747   0.0612 
 10.0801   0.0475 
 10.0855   0.0365 
 10.0909   0.0277 
 10.0964   0.0208 
 10.1018   0.0154 
 10.1072   0.0113 
 10.1126   0.0082 
 10.1180   0.0059 
 10.1235   0.0042 
 10.1289   0.0029 
 10.1343   0.0020 
 10.1397   0.0014 
 10.1451   0.0009 
 10.1506   0.0006 
 10.1560   0.0004 
 10.1614   0.0003 
 10.1668   0.0002 
 10.1723   0.0001 
 10.1777   0.0001 
 10.1831   0.0000 
 10.1885   0.0000 
 10.1939   0.0000 
 10.1994   0.0000 
 10.2048   0.0000 
 10.2102   0.0000 
 10.2156   0.0000 
 10.2210   0.0000 
 10.2265   0.0000 
 10.2319   0.0000 
 10.2373   0.0000 
 10.2427   0.0000 
 10.2481   0.0000 
 10.2536   0.0000 
 10.2590   0.0000 
 10.2644   0.0000 
 10.2698   0.0000 
 10.2753   0.0000 
 10.2807   0.0000 
 10.2861   0.0000 
 10.2915   0.0000 
 10.2969   0.0000 
 10.3024   0.0000 
 10.3078   0.0000 
 10.3132   0.0000 
 10.3186   0.0000 
 10.3240   0.0000 
 10.3295   0.0000 
 10.3349   0.0000 
 10.3403   0.0000 
 10.3457   0.0000 
 10.3512   0.0000 
 10.3566   0.0000 
 10.3620   0.0000 
 10.3674   0.0000 
 10.3728   0.0000 
 10.3783   0.0000 
 10.3837   0.0000 
 10.3891   0.0000 
 10.3945   0.0000 
 10.3999   0.0000 
 10.4054   0.0000 
 10.4108   0.0000 
 10.4162   0.0000 
 10.4216   0.0000 
 10.4271   0.0000 
 10.4325   0.0000 
 10.4379   0.0000 
 10.4433   0.0000 
 10.4487   0.0000 
 10.4542   0.0000 
 10.4596   0.0000 
 10.4650   0.0000 
 10.4704   0.0000 
 10.4758   0.0000 
 10.4813   0.0000 
 10.4867   0.0000 
 10.4921   0.0000 
 10.4975   0.0000 
 10.5030   0.0000 
 10.5084   0.0000 
 10.5138   0.0000 
 10.5192   0.0000 
 10.5246   0.0000 
 10.5301   0.0000 
 10.5355   0.0000 
 10.5409   0.0000 
 10.5463   0.0000 
 10.5517   0.0000 
 10.5572   0.0000 
 10.5626   0.0000 
 10.5680   0.0000 
 10.5734   0.0000 
 10.5789   0.0000 
 10.5843   0.0000 
 10.5897   0.0000 
 10.5951   0.0000 
 10.6005   0.0000 
 10.6060   0.0000 
 10.6114   0.0000 
 10.6168   0.0000 
 10.6222   0.0000 
 10.6276   0.0000 
 10.6331   0.0000 
 10.6385   0.0000 
 10.6439   0.0000 
 10.6493   0.0000 
 10.6547   0.0000 
 10.6602   0.0000 
 10.6656   0.0000 
 10.6710   0.0000 
 10.6764   0.0000 
 10.6819   0.0000 
 10.6873   0.0000 
 10.6927   0.0000 
 10.6981   0.0000 
 10.7035   0.0000 
 10.7090   0.0000 
 10.7144   0.0000 
 10.7198   0.0000 
 10.7252   0.0000 
 10.7306   0.0000 
 10.7361   0.0000 
 10.7415   0.0000 
 10.7469   0.0000 
 10.7523   0.0000 
 10.7578   0.0000 
 10.7632   0.0000 
 10.7686   0.0000 
 10.7740   0.0000 
 10.7794   0.0000 
 10.7849   0.0000 
 10.7903   0.0000 
 10.7957   0.0000 
 10.8011   0.0000 
 10.8065   0.0000 
 10.8120   0.0000 
 10.8174   0.0000 
 10.8228   0.0000 
 10.8282   0.0000 
 10.8337   0.0000 
 10.8391   0.0000 
 10.8445   0.0000 
 10.8499   0.0000 
 10.8553   0.0000 
 10.8608   0.0000 
 10.8662   0.0000 
 10.8716   0.0000 
 10.8770   0.0000 
 10.8824   0.0000 
 10.8879   0.0000 
 10.8933   0.0000 
 10.8987   0.0000 
 10.9041   0.0000 
 10.9096   0.0000 
 10.9150   0.0000 
 10.9204   0.0000 
 10.9258   0.0000 
 10.9312   0.0000 
 10.9367   0.0000 
 10.9421   0.0000 
 10.9475   0.0000 
 10.9529   0.0000 
 10.9583   0.0000 
 10.9638   0.0000 
 10.9692   0.0000 
 10.9746   0.0000 
 10.9800   0.0000 
 10.9855   0.0000 
 10.9909   0.0000 
 10.9963   0.0000 
 11.0017   0.0000 
 11.0071   0.0000 
 11.0126   0.0000 
 11.0180   0.0000 
 11.0234   0.0000 
 11.0288   0.0000 
 11.0342   0.0000 
 11.0397   0.0000 
 11.0451   0.0000 
 11.0505   0.0000 
 11.0559   0.0000 
 11.0614   0.0000 
 11.0668   0.0000 
 11.0722   0.0000 
 11.0776   0.0000 
 11.0830   0.0000 
 11.0885   0.0000 
 11.0939   0.0000 
 11.0993   0.0000 
 11.1047   0.0000 
 11.1101   0.0000 
 11.1156   0.0000 
 11.1210   0.0000 
 11.1264   0.0000 
 11.1318   0.0000 
 11.1372   0.0000 
 11.1427   0.0000 
 11.1481   0.0000 
 11.1535   0.0000 
 11.1589   0.0000 
 11.1644   0.0000 
 11.1698   0.0000 
 11.1752   0.0000 
 11.1806   0.0000 
 11.1860   0.0000 
 11.1915   0.0000 
 11.1969   0.0000 
